6116 , 227 , 6540
6116 , 441 , 15749
6116 , 540 , 19685
6145 , 148 , 1427
6250 , 93 , 3841
6250 , 139 , 5709
6308 , 27 , 973
6311 , 244 , 7632
6325 , 413 , 12758
6326 , 119 , 3921
6332 , 16 , 866
6332 , 541 , 21010
6100 , 145 , 1073
6102 , 8 , 147
6102 , 94 , 1560
6102 , 94 , 1561
6102 , 232 , 3810
6111 , 929 , 13560
6323 , 635 , 19954
6325 , 166 , 5281
6325 , 166 , 5286
6326 , 202 , 6391
6326 , 550 , 17132
6326 , 1027 , 31982
6331 , 48 , 1884
6336 , 422 , 17427
6347 , 417 , 12152
6081 , 406 , 1415
6100 , 814 , 10100
6100 , 814 , 10101
6101 , 320 , 5479
6101 , 320 , 5482
6101 , 334 , 5723
6146 , 54 , 532
6146 , 54 , 534
6146 , 54 , 537
6146 , 54 , 540
6146 , 54 , 541
6250 , 200 , 8156
6250 , 200 , 8160
6313 , 91 , 3052
6323 , 423 , 13330
6326 , 591 , 18556
6332 , 546 , 21207
6017 , 126 , 556
6064 , 949 , 9772
6097 , 184 , 2077
6099 , 964 , 9889
6100 , 4 , 58
6100 , 743 , 8712
6111 , 749 , 10627
6111 , 749 , 10632
6116 , 459 , 16055
6250 , 146 , 6025
6332 , 438 , 17000
6332 , 438 , 17005
6336 , 22 , 878
6336 , 250 , 10266
6376 , 43 , 1150
6097 , 632 , 7766
6097 , 632 , 7768
6101 , 89 , 1702
6110 , 95 , 1203
6111 , 780 , 11133
6111 , 780 , 11138
6116 , 389 , 13802
6308 , 237 , 7677
6310 , 9 , 244
6326 , 191 , 6063
6326 , 589 , 18465
6336 , 590 , 24102
6375 , 28 , 633
6097 , 76 , 836
6097 , 526 , 6432
6100 , 807 , 9970
6100 , 807 , 9973
6105 , 236 , 3300
6111 , 98 , 1094
6111 , 589 , 8072
6111 , 589 , 8074
6111 , 748 , 10615
6111 , 748 , 10619
6111 , 888 , 12928
6111 , 888 , 12929
6245 , 64 , 2664
6245 , 64 , 2668
6323 , 614 , 19338
6323 , 649 , 20392
6336 , 467 , 19329
6345 , 370 , 11964
6375 , 47 , 1094
6375 , 47 , 1096
6029 , 386 , 6147
6099 , 187 , 1817
6102 , 144 , 2401
6105 , 202 , 2846
6111 , 498 , 6595
6140 , 88 , 820
6323 , 591 , 18593
6323 , 683 , 21454
6326 , 379 , 11832
6336 , 426 , 17606
6336 , 426 , 17609
6336 , 559 , 22856
6336 , 661 , 26865
6347 , 391 , 11448
6347 , 391 , 11450
6347 , 391 , 11451
6349 , 434 , 23359
6350 , 237 , 7436
6376 , 58 , 1529
6111 , 770 , 10985
6145 , 151 , 1472
6145 , 151 , 1473
6245 , 130 , 5251
6332 , 203 , 7888
6332 , 203 , 7892
6332 , 552 , 21443
6332 , 552 , 21448
6332 , 569 , 22063
6097 , 99 , 1084
6097 , 245 , 2882
6099 , 762 , 8438
6111 , 236 , 2922
6111 , 240 , 2991
6116 , 17 , 264
6116 , 24 , 351
6116 , 24 , 355
6248 , 5 , 172
6248 , 47 , 1817
6308 , 67 , 2320
6326 , 1034 , 32186
6330 , 28 , 1054
6330 , 28 , 1056
6330 , 28 , 1058
6336 , 154 , 6286
6336 , 154 , 6287
6336 , 154 , 6289
6336 , 280 , 11538
6336 , 280 , 11540
6336 , 280 , 11541
6347 , 84 , 2584
6347 , 331 , 9800
6375 , 152 , 3731
6017 , 146 , 652
6079 , 156 , 1691
6100 , 424 , 4126
6101 , 314 , 5391
6102 , 150 , 2495
6102 , 150 , 2496
6105 , 273 , 3848
6105 , 273 , 3849
6111 , 525 , 7005
6111 , 543 , 7307
6250 , 107 , 4417
6311 , 233 , 7292
6323 , 377 , 11787
6323 , 377 , 11790
6323 , 693 , 21722
6110 , 147 , 1869
6112 , 158 , 2343
6250 , 110 , 4559
6250 , 137 , 5640
6250 , 137 , 5648
6250 , 137 , 5649
6254 , 69 , 2641
6303 , 41 , 1446
6303 , 41 , 1448
6308 , 480 , 15457
6312 , 68 , 2235
6325 , 188 , 6007
6326 , 249 , 7792
6326 , 617 , 19420
6332 , 372 , 14382
6332 , 484 , 18786
6347 , 126 , 3855
6031 , 24 , 2052
6097 , 206 , 2366
6097 , 369 , 4458
6097 , 369 , 4459
6101 , 83 , 1592
6101 , 83 , 1602
6111 , 979 , 14351
6111 , 979 , 14352
6112 , 8 , 93
6251 , 3 , 156
6251 , 19 , 805
6252 , 74 , 2731
6252 , 74 , 2734
6252 , 74 , 2741
6252 , 83 , 3101
6252 , 83 , 3102
6323 , 326 , 10201
6323 , 326 , 10203
6323 , 581 , 18294
6326 , 891 , 27792
6332 , 134 , 5324
6332 , 508 , 19733
6336 , 255 , 10467
6336 , 255 , 10484
6336 , 287 , 11846
6336 , 638 , 25997
6336 , 638 , 25998
6336 , 638 , 26003
6345 , 90 , 2618
6347 , 508 , 16311
6347 , 508 , 16337
6013 , 119 , 476
6099 , 201 , 1959
6101 , 9 , 158
6101 , 307 , 5269
6111 , 734 , 10395
6112 , 11 , 135
6112 , 11 , 139
6141 , 97 , 877
6141 , 97 , 878
6323 , 388 , 12142
6323 , 612 , 19276
6323 , 704 , 22056
6323 , 704 , 22060
6331 , 126 , 4929
6332 , 536 , 20818
6336 , 911 , 37694
6346 , 56 , 1957
6347 , 212 , 6397
6097 , 278 , 3339
6097 , 721 , 8797
6098 , 139 , 1537
6100 , 751 , 8849
6100 , 768 , 9187
6100 , 768 , 9196
6102 , 156 , 2613
6112 , 175 , 2589
6145 , 34 , 333
6248 , 24 , 900
6248 , 24 , 906
6250 , 284 , 11397
6254 , 85 , 3257
6308 , 181 , 5828
6323 , 186 , 5813
6326 , 485 , 15077
6331 , 150 , 5894
6331 , 178 , 6981
6336 , 243 , 9979
6039 , 81 , 1274
6068 , 134 , 1404
6097 , 489 , 5956
6099 , 520 , 6781
6100 , 702 , 7981
6100 , 721 , 8324
6105 , 334 , 4633
6105 , 334 , 4634
6254 , 49 , 1844
6284 , 62 , 2272
6303 , 113 , 3836
6308 , 392 , 12747
6326 , 100 , 3333
6331 , 206 , 8132
6345 , 250 , 8567
6349 , 398 , 21860
6079 , 203 , 2322
6079 , 203 , 2324
6097 , 368 , 4444
6097 , 545 , 6663
6099 , 386 , 5898
6101 , 202 , 3501
6101 , 202 , 3504
6101 , 259 , 4443
6101 , 289 , 4964
6101 , 289 , 4971
6101 , 289 , 4972
6101 , 289 , 4974
6111 , 479 , 6287
6116 , 316 , 10511
6116 , 316 , 10513
6256 , 11 , 662
6326 , 580 , 18177
6336 , 245 , 10057
6347 , 85 , 2627
6347 , 85 , 2628
6347 , 85 , 2629
6376 , 31 , 842
6100 , 502 , 5116
6100 , 763 , 9086
6141 , 69 , 615
6145 , 77 , 739
6145 , 84 , 801
6145 , 84 , 802
6145 , 231 , 2263
6245 , 138 , 5558
6255 , 10 , 479
6332 , 40 , 1815
6332 , 526 , 20425
6336 , 589 , 24062
6345 , 134 , 4803
6345 , 134 , 4817
6046 , 11 , 118
6071 , 134 , 1388
6079 , 212 , 2441
6101 , 209 , 3618
6103 , 13 , 240
6103 , 178 , 2156
6103 , 178 , 2159
6103 , 178 , 2160
6111 , 999 , 14614
6112 , 80 , 1209
6116 , 587 , 21764
6116 , 587 , 21768
6116 , 587 , 21772
6116 , 587 , 21775
6146 , 45 , 443
6146 , 45 , 447
6303 , 108 , 3666
6303 , 108 , 3667
6331 , 146 , 5722
6336 , 93 , 3803
6336 , 146 , 5960
6345 , 358 , 11561
6097 , 320 , 3838
6097 , 509 , 6226
6102 , 69 , 1144
6105 , 247 , 3472
6105 , 247 , 3473
6105 , 247 , 3474
6105 , 255 , 3584
6116 , 359 , 12426
6140 , 66 , 604
6144 , 10 , 94
6250 , 25 , 1041
6284 , 33 , 1266
6326 , 328 , 10245
6332 , 140 , 5564
6336 , 928 , 38271
6336 , 928 , 38274
6097 , 325 , 3892
6100 , 749 , 8813
6112 , 55 , 819
6112 , 224 , 3243
6112 , 256 , 3696
6250 , 185 , 7553
6313 , 63 , 2132
6326 , 360 , 11232
6326 , 360 , 11235
6347 , 323 , 9564
6099 , 438 , 6234
6116 , 209 , 5719
6250 , 76 , 3154
6323 , 678 , 21293
6323 , 678 , 21297
6075 , 215 , 2423
6102 , 240 , 3921
6102 , 240 , 3923
6111 , 807 , 11598
6112 , 67 , 1011
6112 , 67 , 1012
6112 , 67 , 1013
6112 , 292 , 4133
6245 , 61 , 2548
6250 , 189 , 7724
6311 , 64 , 2091
6326 , 56 , 1881
6326 , 888 , 27692
6330 , 38 , 1465
6336 , 236 , 9708
6336 , 394 , 16221
6336 , 539 , 22055
6336 , 539 , 22057
6336 , 539 , 22058
6100 , 346 , 3258
6116 , 360 , 12465
6116 , 360 , 12467
6141 , 67 , 595
6145 , 33 , 320
6248 , 23 , 858
6248 , 23 , 863
6248 , 23 , 865
6250 , 65 , 2704
6250 , 65 , 2708
6256 , 28 , 1340
6308 , 288 , 9299
6332 , 96 , 3879
6332 , 96 , 3888
6336 , 389 , 16037
6336 , 389 , 16038
6345 , 46 , 1327
6375 , 82 , 1978
6041 , 112 , 1624
6097 , 22 , 221
6101 , 64 , 1210
6101 , 64 , 1214
6101 , 91 , 1736
6105 , 260 , 3659
6112 , 90 , 1367
6113 , 21 , 299
6116 , 590 , 21893
6308 , 12 , 470
6308 , 12 , 472
6308 , 325 , 10481
6324 , 160 , 5458
6336 , 65 , 2650
6336 , 102 , 4139
6336 , 102 , 4141
6336 , 679 , 27605
6347 , 289 , 8637
6002 , 309 , 1214
6101 , 258 , 4431
6101 , 258 , 4433
6111 , 727 , 10285
6111 , 896 , 13058
6111 , 896 , 13059
6257 , 5 , 172
6284 , 79 , 2906
6323 , 402 , 12605
6331 , 44 , 1727
6336 , 268 , 11062
6336 , 705 , 28718
6336 , 705 , 28727
6336 , 705 , 28728
6037 , 6 , 137
6111 , 556 , 7516
6111 , 886 , 12893
6116 , 567 , 20899
6254 , 75 , 2880
6257 , 23 , 879
6303 , 126 , 4255
6308 , 234 , 7574
6323 , 381 , 11906
6332 , 115 , 4625
6332 , 115 , 4627
6347 , 70 , 2166
6097 , 542 , 6626
6101 , 237 , 4072
6101 , 237 , 4073
6102 , 187 , 3099
6103 , 2 , 23
6111 , 454 , 5845
6116 , 272 , 8572
6142 , 42 , 358
6145 , 249 , 2438
6145 , 249 , 2440
6146 , 89 , 884
6250 , 163 , 6698
6324 , 153 , 5231
6326 , 278 , 8698
6336 , 292 , 12075
6073 , 98 , 1036
6097 , 641 , 7880
6100 , 335 , 3144
6100 , 774 , 9311
6100 , 774 , 9315
6101 , 337 , 5779
6111 , 641 , 8947
6308 , 330 , 10638
6308 , 380 , 12345
6308 , 454 , 14708
6326 , 955 , 29748
6326 , 955 , 29751
6332 , 26 , 1268
6332 , 236 , 9106
6332 , 277 , 10693
6332 , 548 , 21285
6332 , 614 , 23798
6332 , 638 , 24769
6336 , 162 , 6624
6336 , 162 , 6634
6336 , 176 , 7186
6336 , 176 , 7196
6336 , 697 , 28356
6376 , 14 , 390
6376 , 14 , 395
6028 , 58 , 883
6041 , 60 , 872
6099 , 735 , 8251
6100 , 374 , 3553
6100 , 374 , 3554
6102 , 100 , 1660
6105 , 253 , 3562
6105 , 253 , 3563
6112 , 140 , 2092
6116 , 378 , 13305
6116 , 396 , 14096
6145 , 92 , 876
6248 , 3 , 91
6250 , 268 , 10767
6303 , 115 , 3904
6303 , 115 , 3907
6312 , 46 , 1529
6336 , 362 , 14962
6336 , 449 , 18589
6347 , 35 , 1071
6347 , 314 , 9329
6111 , 2 , 20
6113 , 117 , 1699
6145 , 108 , 1021
6252 , 65 , 2409
6323 , 75 , 2360
6326 , 189 , 5994
6329 , 58 , 1858
6331 , 106 , 4140
6331 , 165 , 6463
6080 , 133 , 535
6101 , 2 , 22
6101 , 2 , 23
6101 , 2 , 26
6101 , 92 , 1753
6102 , 73 , 1210
6111 , 522 , 6965
6111 , 917 , 13382
6111 , 917 , 13383
6116 , 467 , 16283
6250 , 188 , 7682
6257 , 18 , 699
6313 , 11 , 451
6325 , 205 , 6547
6029 , 12 , 282
6101 , 52 , 973
6101 , 312 , 5354
6101 , 312 , 5357
6111 , 607 , 8416
6116 , 419 , 15167
6141 , 110 , 999
6252 , 6 , 298
6326 , 824 , 25780
6326 , 1006 , 31333
6336 , 166 , 6765
6336 , 166 , 6766
6336 , 264 , 10869
6336 , 264 , 10871
6336 , 642 , 26147
6336 , 642 , 26150
6345 , 249 , 8541
6349 , 290 , 16874
6349 , 445 , 23989
6097 , 710 , 8671
6101 , 61 , 1140
6248 , 39 , 1491
6248 , 39 , 1498
6250 , 232 , 9328
6289 , 4 , 112
6307 , 68 , 2127
6323 , 604 , 19012
6325 , 211 , 6727
6326 , 113 , 3749
6331 , 204 , 8049
6345 , 339 , 10940
6099 , 419 , 6102
6101 , 229 , 3952
6101 , 229 , 3954
6102 , 67 , 1106
6102 , 83 , 1390
6102 , 83 , 1394
6111 , 538 , 7229
6116 , 496 , 17819
6145 , 187 , 1858
6252 , 69 , 2559
6308 , 276 , 8885
6311 , 129 , 4010
6326 , 960 , 29918
6326 , 991 , 30884
6332 , 136 , 5395
6332 , 392 , 15150
6332 , 392 , 15153
6332 , 550 , 21370
6332 , 550 , 21373
6332 , 550 , 21375
6332 , 624 , 24181
6336 , 919 , 37971
6336 , 919 , 37974
6011 , 49 , 193
6030 , 149 , 2382
6070 , 43 , 419
6075 , 76 , 870
6079 , 116 , 1204
6097 , 376 , 4553
6145 , 85 , 807
6245 , 29 , 1192
6303 , 77 , 2658
6311 , 23 , 830
6336 , 72 , 2933
6336 , 513 , 21225
6345 , 223 , 7737
6100 , 811 , 10052
6250 , 223 , 9006
6324 , 111 , 3899
6336 , 209 , 8557
6336 , 259 , 10644
6336 , 259 , 10645
6336 , 451 , 18672
6336 , 623 , 25446
6345 , 347 , 11201
6347 , 176 , 5346
6064 , 268 , 2883
6101 , 70 , 1332
6101 , 70 , 1333
6101 , 70 , 1334
6101 , 70 , 1337
6101 , 127 , 2336
6102 , 211 , 3501
6102 , 211 , 3502
6111 , 446 , 5696
6111 , 446 , 5699
6111 , 789 , 11266
6140 , 57 , 509
6145 , 234 , 2289
6146 , 41 , 399
6146 , 41 , 402
6245 , 56 , 2342
6323 , 630 , 19806
6326 , 431 , 13414
6326 , 707 , 22391
6332 , 76 , 3133
6336 , 479 , 19799
6336 , 479 , 19800
6375 , 25 , 557
6097 , 842 , 10151
6111 , 163 , 1846
6112 , 241 , 3484
6145 , 120 , 1136
6311 , 137 , 4280
6323 , 55 , 1732
6323 , 55 , 1734
6324 , 58 , 2232
6326 , 429 , 13349
6331 , 74 , 2921
6378 , 164 , 3326
6101 , 223 , 3851
6112 , 155 , 2306
6112 , 333 , 4686
6257 , 43 , 1668
6311 , 73 , 2353
6324 , 41 , 1670
6326 , 352 , 10995
6331 , 263 , 10326
6332 , 436 , 16917
6336 , 131 , 5334
6336 , 685 , 27853
6345 , 113 , 3765
6349 , 397 , 21800
6375 , 131 , 3206
6007 , 130 , 512
6071 , 50 , 499
6101 , 187 , 3244
6101 , 187 , 3250
6101 , 187 , 3253
6101 , 187 , 3255
6102 , 106 , 1747
6105 , 244 , 3435
6245 , 78 , 3194
6311 , 178 , 5535
6326 , 307 , 9598
6326 , 656 , 20723
6332 , 460 , 17837
6332 , 460 , 17841
6336 , 34 , 1385
6336 , 147 , 5997
6347 , 528 , 19091
6041 , 40 , 615
6058 , 85 , 307
6081 , 474 , 1640
6111 , 713 , 10070
6111 , 720 , 10187
6111 , 776 , 11073
6112 , 14 , 182
6145 , 181 , 1806
6250 , 89 , 3680
6323 , 304 , 9465
6326 , 627 , 19749
6336 , 664 , 26969
6336 , 666 , 27045
6336 , 666 , 27050
6097 , 24 , 245
6099 , 60 , 576
6101 , 188 , 3267
6110 , 105 , 1337
6111 , 414 , 5144
6254 , 17 , 609
6303 , 63 , 2196
6308 , 140 , 4487
6323 , 18 , 600
6323 , 328 , 10267
6332 , 334 , 12841
6336 , 37 , 1520
6094 , 222 , 719
6099 , 457 , 6345
6101 , 143 , 2572
6116 , 246 , 7398
6323 , 507 , 15944
6326 , 388 , 12096
6326 , 519 , 16111
6326 , 633 , 19951
6332 , 370 , 14307
6332 , 370 , 14314
6332 , 497 , 19300
6332 , 497 , 19304
6345 , 100 , 3057
6345 , 100 , 3074
6349 , 84 , 10229
6349 , 389 , 21436
6349 , 389 , 21444
6350 , 47 , 1669
6350 , 65 , 2189
6056 , 54 , 208
6097 , 165 , 1839
6099 , 863 , 9161
6100 , 583 , 6281
6100 , 687 , 7674
6112 , 150 , 2235
6116 , 34 , 507
6250 , 220 , 8907
6250 , 220 , 8909
6303 , 86 , 2947
6303 , 86 , 2948
6307 , 45 , 1455
6331 , 77 , 3042
6332 , 558 , 21666
6332 , 558 , 21667
6375 , 22 , 475
6375 , 22 , 477
6017 , 273 , 1261
6082 , 149 , 481
6100 , 636 , 6957
6100 , 681 , 7567
6100 , 766 , 9130
6101 , 162 , 2858
6105 , 27 , 432
6112 , 58 , 868
6116 , 354 , 12187
6116 , 354 , 12188
6146 , 82 , 810
6349 , 322 , 18323
6105 , 251 , 3531
6111 , 464 , 6028
6111 , 855 , 12379
6111 , 855 , 12380
6116 , 344 , 11746
6116 , 554 , 20272
6116 , 565 , 20804
6245 , 111 , 4505
6313 , 20 , 729
6325 , 355 , 10939
6331 , 202 , 7966
6331 , 202 , 7972
6336 , 81 , 3325
6336 , 217 , 8916
6336 , 322 , 13354
6336 , 322 , 13368
6336 , 550 , 22501
6347 , 58 , 1791
6097 , 815 , 9855
6097 , 815 , 9856
6100 , 632 , 6914
6101 , 280 , 4824
6101 , 280 , 4826
6101 , 379 , 6455
6102 , 18 , 301
6102 , 209 , 3470
6105 , 359 , 4982
6111 , 623 , 8676
6111 , 790 , 11281
6111 , 790 , 11282
6116 , 315 , 10470
6254 , 23 , 819
6323 , 603 , 18992
6325 , 475 , 14625
6325 , 475 , 14626
6326 , 621 , 19546
6326 , 659 , 20818
6326 , 945 , 29438
6326 , 989 , 30815
6332 , 463 , 17968
6332 , 463 , 17979
6336 , 618 , 25260
6336 , 896 , 37233
6099 , 322 , 4918
6111 , 946 , 13825
6116 , 361 , 12505
6116 , 361 , 12511
6303 , 82 , 2818
6323 , 188 , 5872
6323 , 560 , 17603
6323 , 699 , 21907
6325 , 201 , 6433
6325 , 201 , 6434
6336 , 132 , 5361
6336 , 132 , 5374
6336 , 503 , 20816
6349 , 361 , 20160
6375 , 89 , 2157
6099 , 166 , 1628
6100 , 88 , 549
6110 , 149 , 1885
6110 , 149 , 1888
6111 , 788 , 11252
6323 , 352 , 11020
6323 , 395 , 12374
6326 , 719 , 22732
6331 , 7 , 307
6336 , 446 , 18468
6349 , 277 , 16077
6030 , 44 , 801
6101 , 116 , 2143
6102 , 170 , 2832
6105 , 381 , 5230
6105 , 381 , 5232
6111 , 7 , 94
6111 , 7 , 95
6111 , 224 , 2662
6111 , 224 , 2663
6111 , 244 , 3039
6250 , 10 , 386
6308 , 264 , 8521
6326 , 430 , 13381
6331 , 179 , 7018
6331 , 251 , 9873
6332 , 166 , 6547
6336 , 261 , 10732
6336 , 313 , 12944
6336 , 313 , 12951
6336 , 447 , 18493
6336 , 447 , 18494
6336 , 970 , 39779
6375 , 48 , 1122
6002 , 452 , 1808
6105 , 395 , 5396
6111 , 956 , 14003
6113 , 107 , 1533
6141 , 48 , 429
6145 , 195 , 1930
6145 , 195 , 1932
6308 , 463 , 14974
6310 , 39 , 1182
6324 , 44 , 1774
6326 , 254 , 7946
6326 , 400 , 12497
6326 , 928 , 28939
6329 , 92 , 2906
6332 , 274 , 10568
6029 , 421 , 6716
6032 , 3 , 145
6064 , 989 , 10172
6100 , 825 , 10289
6102 , 177 , 2944
6102 , 177 , 2945
6140 , 23 , 178
6308 , 252 , 8187
6308 , 470 , 15173
6308 , 470 , 15178
6310 , 20 , 593
6326 , 69 , 2302
6329 , 20 , 677
6332 , 434 , 16857
6332 , 434 , 16869
6336 , 257 , 10574
6043 , 37 , 459
6099 , 503 , 6642
6100 , 616 , 6712
6101 , 67 , 1269
6102 , 10 , 178
6111 , 990 , 14487
6116 , 596 , 22137
6308 , 64 , 2214
6308 , 64 , 2217
6323 , 168 , 5265
6326 , 219 , 6923
6329 , 86 , 2696
6331 , 163 , 6387
6332 , 18 , 943
6332 , 262 , 10123
6332 , 291 , 11224
6012 , 8 , 34
6079 , 211 , 2427
6095 , 38 , 441
6100 , 229 , 1992
6100 , 229 , 1994
6101 , 144 , 2586
6101 , 144 , 2587
6101 , 163 , 2870
6101 , 224 , 3869
6113 , 24 , 350
6140 , 34 , 311
6331 , 198 , 7787
6336 , 189 , 7725
6376 , 13 , 371
6378 , 133 , 2666
6063 , 151 , 1636
6081 , 309 , 1094
6101 , 33 , 635
6105 , 309 , 4320
6111 , 870 , 12629
6141 , 26 , 231
6254 , 48 , 1802
6256 , 39 , 1764
6325 , 435 , 13407
6325 , 435 , 13408
6325 , 435 , 13412
6326 , 331 , 10319
6332 , 225 , 8721
6332 , 225 , 8722
6336 , 428 , 17678
6345 , 263 , 9012
6345 , 366 , 11826
6376 , 63 , 1642
6100 , 776 , 9343
6100 , 776 , 9344
6100 , 776 , 9345
6102 , 183 , 3035
6102 , 183 , 3039
6111 , 298 , 3774
6111 , 828 , 11925
6145 , 80 , 763
6331 , 132 , 5171
6331 , 148 , 5818
6331 , 148 , 5824
6332 , 190 , 7432
6332 , 319 , 12252
6376 , 54 , 1426
6099 , 529 , 6846
6101 , 26 , 511
6101 , 26 , 512
6111 , 356 , 4514
6113 , 115 , 1658
6113 , 115 , 1661
6116 , 367 , 12809
6116 , 527 , 19088
6116 , 527 , 19092
6336 , 296 , 12257
6347 , 245 , 7369
6098 , 17 , 187
6100 , 122 , 817
6111 , 787 , 11236
6111 , 787 , 11240
6250 , 155 , 6365
6254 , 53 , 1991
6291 , 2 , 41
6326 , 399 , 12458
6331 , 262 , 10290
6332 , 413 , 16003
6332 , 452 , 17527
6336 , 272 , 11224
6336 , 272 , 11228
6336 , 966 , 39618
6336 , 966 , 39627
6345 , 178 , 6398
6347 , 515 , 17253
6347 , 515 , 17283
6347 , 515 , 17303
6030 , 12 , 332
6097 , 277 , 3331
6100 , 817 , 10147
6105 , 262 , 3680
6105 , 262 , 3682
6105 , 262 , 3686
6116 , 234 , 6849
6116 , 234 , 6853
6145 , 121 , 1161
6247 , 6 , 181
6303 , 40 , 1411
6308 , 70 , 2403
6310 , 36 , 1079
6323 , 137 , 4274
6324 , 135 , 4660
6336 , 412 , 16989
6336 , 412 , 16994
6336 , 412 , 16995
6345 , 104 , 3269
6346 , 31 , 1114
6349 , 379 , 20983
6349 , 408 , 22267
6068 , 197 , 1994
6100 , 690 , 7725
6102 , 116 , 1917
6102 , 116 , 1922
6102 , 116 , 1923
6102 , 258 , 4208
6110 , 123 , 1576
6140 , 48 , 445
6145 , 209 , 2074
6323 , 407 , 12774
6323 , 407 , 12776
6323 , 700 , 21941
6326 , 669 , 21146
6326 , 669 , 21149
6326 , 669 , 21152
6332 , 256 , 9894
6063 , 51 , 538
6101 , 90 , 1725
6111 , 507 , 6733
6111 , 866 , 12558
6112 , 32 , 461
6113 , 76 , 1082
6113 , 76 , 1084
6326 , 338 , 10561
6326 , 439 , 13658
6326 , 724 , 22861
6326 , 724 , 22865
6336 , 477 , 19729
6347 , 502 , 15814
6347 , 502 , 15817
6349 , 156 , 12927
6349 , 156 , 12930
6064 , 606 , 6296
6064 , 992 , 10201
6101 , 243 , 4163
6101 , 243 , 4167
6101 , 243 , 4169
6102 , 35 , 570
6105 , 322 , 4485
6105 , 322 , 4488
6112 , 86 , 1291
6250 , 198 , 8092
6326 , 76 , 2546
6336 , 594 , 24262
6336 , 876 , 36490
6345 , 336 , 10860
6347 , 311 , 9260
6097 , 467 , 5658
6099 , 154 , 1495
6101 , 373 , 6356
6102 , 259 , 4217
6102 , 259 , 4218
6111 , 785 , 11205
6112 , 161 , 2384
6112 , 161 , 2390
6116 , 492 , 17643
6250 , 115 , 4783
6250 , 115 , 4791
6311 , 246 , 7696
6323 , 652 , 20487
6329 , 23 , 766
6332 , 411 , 15923
6336 , 634 , 25845
6347 , 504 , 15891
6099 , 429 , 6170
6100 , 467 , 4682
6101 , 374 , 6377
6102 , 110 , 1813
6111 , 978 , 14335
6257 , 1 , 5
6307 , 58 , 1823
6326 , 1074 , 33363
6326 , 1088 , 33786
6336 , 100 , 4062
6336 , 100 , 4068
6336 , 903 , 37418
6345 , 170 , 6123
6347 , 382 , 11192
5994 , 28 , 114
6099 , 116 , 1141
6100 , 707 , 8068
6100 , 707 , 8069
6100 , 707 , 8071
6102 , 117 , 1935
6103 , 14 , 262
6116 , 477 , 16699
6250 , 49 , 2009
6250 , 49 , 2013
6254 , 72 , 2763
6254 , 72 , 2765
6311 , 162 , 5044
6313 , 86 , 2888
6313 , 96 , 3188
6323 , 58 , 1829
6324 , 182 , 6159
6325 , 14 , 589
6325 , 14 , 590
6331 , 239 , 9392
6336 , 894 , 37179
6097 , 425 , 5126
6099 , 76 , 795
6100 , 267 , 2400
6100 , 291 , 2651
6101 , 268 , 4615
6111 , 501 , 6642
6146 , 74 , 731
6252 , 66 , 2455
6311 , 172 , 5356
6347 , 351 , 10391
6349 , 409 , 22299
6102 , 4 , 70
6248 , 30 , 1165
6303 , 6 , 191
6303 , 6 , 193
6303 , 60 , 2088
6308 , 29 , 1060
6310 , 50 , 1521
6312 , 95 , 3124
6323 , 54 , 1698
6323 , 122 , 3791
6323 , 284 , 8800
6325 , 204 , 6514
6326 , 121 , 3968
6326 , 677 , 21412
6336 , 329 , 13669
6346 , 40 , 1414
6028 , 110 , 1735
6100 , 620 , 6766
6100 , 620 , 6767
6110 , 83 , 1057
6110 , 83 , 1061
6111 , 352 , 4464
6145 , 55 , 529
6250 , 256 , 10271
6257 , 17 , 658
6308 , 437 , 14192
6323 , 412 , 12936
6330 , 13 , 509
6336 , 237 , 9752
6347 , 342 , 10117
6375 , 53 , 1249
6096 , 95 , 925
6100 , 401 , 3860
6100 , 401 , 3864
6101 , 197 , 3424
6101 , 197 , 3426
6113 , 55 , 751
6113 , 55 , 752
6113 , 108 , 1542
6146 , 96 , 957
6146 , 96 , 959
6250 , 11 , 437
6256 , 12 , 705
6329 , 33 , 1086
6331 , 267 , 10478
6336 , 662 , 26897
6345 , 340 , 10968
6349 , 443 , 23876
6101 , 31 , 602
6101 , 31 , 604
6102 , 74 , 1218
6116 , 217 , 6082
6323 , 457 , 14396
6326 , 835 , 26083
6331 , 68 , 2698
6332 , 354 , 13618
6332 , 354 , 13619
6336 , 566 , 23147
6336 , 566 , 23155
6336 , 658 , 26756
6336 , 702 , 28579
6336 , 975 , 39926
6100 , 667 , 7345
6101 , 376 , 6403
6101 , 376 , 6406
6101 , 376 , 6414
6101 , 376 , 6416
6110 , 188 , 2410
6111 , 995 , 14566
6113 , 49 , 673
6146 , 9 , 71
6146 , 9 , 73
6248 , 11 , 417
6248 , 25 , 952
6248 , 25 , 953
6250 , 50 , 2064
6332 , 30 , 1419
6332 , 329 , 12637
6079 , 205 , 2347
6097 , 340 , 4092
6111 , 442 , 5617
6111 , 868 , 12592
6116 , 263 , 8168
6116 , 613 , 22884
6116 , 613 , 22889
6250 , 206 , 8392
6250 , 269 , 10806
6323 , 448 , 14106
6323 , 448 , 14108
6323 , 585 , 18416
6323 , 585 , 18418
6332 , 384 , 14849
6336 , 128 , 5209
6336 , 128 , 5214
6350 , 188 , 5922
6350 , 188 , 5925
6097 , 115 , 1250
6112 , 35 , 512
6112 , 35 , 518
6116 , 499 , 17948
6141 , 21 , 183
6245 , 21 , 843
6245 , 21 , 845
6250 , 54 , 2219
6308 , 402 , 13080
6326 , 255 , 7978
6332 , 139 , 5523
6336 , 584 , 23869
6336 , 584 , 23871
6349 , 40 , 4464
6100 , 76 , 468
6101 , 109 , 2032
6105 , 370 , 5096
6111 , 484 , 6354
6111 , 484 , 6359
6250 , 35 , 1441
6250 , 35 , 1445
6326 , 123 , 4035
6326 , 123 , 4036
6326 , 123 , 4037
6332 , 195 , 7620
6017 , 393 , 1755
6098 , 12 , 123
6099 , 810 , 8818
6101 , 206 , 3568
6102 , 40 , 676
6145 , 81 , 770
6145 , 131 , 1246
6256 , 16 , 888
6326 , 350 , 10937
6336 , 591 , 24139
5997 , 3 , 19
6100 , 750 , 8821
6100 , 750 , 8826
6100 , 750 , 8833
6100 , 785 , 9524
6111 , 697 , 9779
6111 , 899 , 13100
6111 , 899 , 13102
6111 , 963 , 14115
6116 , 348 , 11930
6307 , 124 , 3824
6307 , 124 , 3825
6307 , 124 , 3826
6326 , 489 , 15189
6326 , 951 , 29630
6331 , 237 , 9307
6332 , 192 , 7511
6336 , 471 , 19500
6336 , 471 , 19509
6347 , 443 , 12874
6030 , 234 , 3651
6098 , 104 , 1142
6111 , 467 , 6080
6116 , 210 , 5767
6248 , 12 , 444
6250 , 168 , 6879
6250 , 168 , 6890
6311 , 198 , 6157
6311 , 198 , 6158
6323 , 696 , 21810
6323 , 696 , 21813
6331 , 154 , 6043
6331 , 154 , 6047
6332 , 281 , 10857
6336 , 126 , 5135
6347 , 135 , 4153
6347 , 135 , 4155
6039 , 203 , 3056
6071 , 243 , 2478
6073 , 53 , 514
6073 , 162 , 1705
6100 , 538 , 5658
6102 , 276 , 4520
6102 , 276 , 4524
6111 , 225 , 2674
6111 , 225 , 2682
6111 , 656 , 9188
6250 , 203 , 8276
6250 , 203 , 8278
6303 , 62 , 2148
6324 , 53 , 2073
6332 , 269 , 10365
6332 , 269 , 10370
6332 , 486 , 18869
6336 , 323 , 13405
6375 , 142 , 3464
6375 , 142 , 3465
6100 , 739 , 8651
6111 , 992 , 14516
6113 , 122 , 1774
6116 , 442 , 15762
6116 , 442 , 15763
6116 , 442 , 15767
6145 , 41 , 392
6145 , 126 , 1201
6245 , 72 , 2981
6308 , 401 , 13056
6308 , 401 , 13057
6311 , 89 , 2799
6311 , 89 , 2803
6311 , 89 , 2805
6332 , 161 , 6355
6336 , 297 , 12287
6100 , 796 , 9750
6111 , 894 , 13029
6140 , 8 , 30
6254 , 14 , 491
6323 , 469 , 14780
6323 , 469 , 14783
6326 , 969 , 30169
6326 , 969 , 30170
6326 , 969 , 30176
6332 , 315 , 12095
6336 , 570 , 23315
6346 , 13 , 594
6349 , 382 , 21109
6081 , 4 , 11
6081 , 237 , 826
6097 , 576 , 7061
6100 , 55 , 349
6100 , 833 , 10470
6100 , 833 , 10473
6100 , 833 , 10474
6100 , 833 , 10486
6100 , 833 , 10487
6110 , 78 , 991
6245 , 38 , 1550
6254 , 61 , 2323
6257 , 30 , 1137
6311 , 296 , 9308
6311 , 296 , 9316
6312 , 6 , 254
6312 , 6 , 255
6312 , 84 , 2768
6323 , 103 , 3239
6326 , 1070 , 33229
6326 , 1070 , 33232
6331 , 137 , 5353
6347 , 435 , 12674
6064 , 142 , 1518
6099 , 808 , 8804
6100 , 262 , 2343
6100 , 262 , 2344
6100 , 556 , 5899
6101 , 346 , 5912
6101 , 346 , 5921
6102 , 71 , 1178
6102 , 278 , 4562
6103 , 158 , 1733
6103 , 158 , 1739
6111 , 227 , 2716
6116 , 432 , 15578
6116 , 432 , 15582
6145 , 132 , 1249
6248 , 14 , 522
6250 , 58 , 2403
6326 , 90 , 3023
6326 , 90 , 3028
6347 , 255 , 7671
6029 , 340 , 5433
6098 , 58 , 654
6099 , 194 , 1874
6099 , 421 , 6117
6099 , 616 , 7427
6100 , 767 , 9163
6100 , 767 , 9167
6113 , 8 , 88
6113 , 83 , 1183
6113 , 83 , 1184
6146 , 34 , 333
6250 , 257 , 10301
6250 , 257 , 10304
6331 , 214 , 8453
6332 , 249 , 9621
6336 , 485 , 20061
6336 , 523 , 21511
6349 , 430 , 23142
6349 , 430 , 23169
6375 , 127 , 3104
6016 , 424 , 1543
6064 , 140 , 1500
6100 , 54 , 345
6100 , 533 , 5589
6100 , 598 , 6475
6100 , 748 , 8790
6100 , 748 , 8792
6111 , 931 , 13589
6111 , 931 , 13597
6116 , 478 , 16740
6116 , 478 , 16742
6141 , 77 , 684
6141 , 84 , 756
6326 , 702 , 22220
6336 , 40 , 1655
6336 , 161 , 6581
6071 , 137 , 1421
6071 , 137 , 1422
6079 , 241 , 2799
6100 , 756 , 8950
6101 , 7 , 122
6101 , 7 , 125
6101 , 240 , 4122
6101 , 278 , 4789
6101 , 319 , 5460
6105 , 203 , 2861
6111 , 679 , 9512
6248 , 8 , 289
6330 , 15 , 584
6330 , 15 , 594
6347 , 89 , 2760
6347 , 89 , 2768
6101 , 129 , 2357
6112 , 82 , 1242
6116 , 605 , 22516
6245 , 45 , 1872
6250 , 263 , 10557
6313 , 27 , 941
6313 , 27 , 943
6323 , 633 , 19890
6331 , 203 , 8007
6332 , 373 , 14413
6332 , 373 , 14417
6332 , 531 , 20615
6332 , 531 , 20618
6336 , 465 , 19248
6336 , 465 , 19253
6336 , 465 , 19254
6347 , 371 , 10865
6349 , 142 , 12412
6376 , 71 , 1841
6059 , 68 , 235
6097 , 292 , 3513
6098 , 102 , 1120
6099 , 458 , 6356
6099 , 458 , 6358
6101 , 101 , 1925
6111 , 743 , 10533
6112 , 46 , 675
6112 , 46 , 679
6112 , 138 , 2067
6112 , 303 , 4308
6307 , 114 , 3514
6323 , 239 , 7446
6326 , 27 , 957
6326 , 1063 , 33030
6336 , 139 , 5677
6336 , 139 , 5679
6336 , 139 , 5687
6097 , 33 , 348
6097 , 429 , 5168
6100 , 641 , 7009
6110 , 187 , 2390
6252 , 8 , 378
6312 , 88 , 2903
6323 , 329 , 10306
6326 , 468 , 14522
6331 , 139 , 5435
6331 , 177 , 6950
6102 , 252 , 4103
6102 , 252 , 4106
6103 , 11 , 190
6103 , 11 , 192
6145 , 254 , 2486
6145 , 254 , 2489
6245 , 92 , 3760
6311 , 271 , 8480
6326 , 106 , 3532
6331 , 114 , 4459
6331 , 114 , 4463
6332 , 363 , 14025
6332 , 363 , 14031
6332 , 366 , 14151
6345 , 176 , 6323
6345 , 267 , 9130
6097 , 148 , 1613
6102 , 52 , 889
6102 , 52 , 890
6110 , 119 , 1513
6111 , 856 , 12394
6116 , 273 , 8602
6313 , 6 , 291
6326 , 267 , 8348
6326 , 267 , 8349
6326 , 337 , 10535
6329 , 88 , 2764
6336 , 321 , 13316
6336 , 321 , 13325
6347 , 16 , 499
6030 , 152 , 2426
6030 , 257 , 3954
6101 , 125 , 2306
6101 , 125 , 2309
6102 , 62 , 1022
6102 , 221 , 3643
6102 , 221 , 3644
6252 , 81 , 3033
6307 , 119 , 3671
6310 , 14 , 416
6332 , 156 , 6173
6336 , 110 , 4476
6336 , 346 , 14314
6336 , 669 , 27151
6349 , 134 , 12078
6376 , 26 , 704
6016 , 423 , 1536
6101 , 305 , 5227
6101 , 305 , 5235
6112 , 94 , 1424
6250 , 82 , 3390
6251 , 17 , 722
6252 , 68 , 2522
6323 , 97 , 3051
6079 , 196 , 2231
6100 , 286 , 2587
6100 , 286 , 2588
6101 , 330 , 5666
6101 , 330 , 5674
6102 , 176 , 2927
6102 , 176 , 2936
6105 , 271 , 3823
6113 , 58 , 804
6250 , 20 , 820
6250 , 20 , 826
6310 , 24 , 711
6311 , 97 , 3041
6326 , 629 , 19815
6336 , 674 , 27362
6097 , 423 , 5108
6097 , 557 , 6836
6102 , 234 , 3840
6111 , 904 , 13172
6113 , 15 , 207
6250 , 174 , 7150
6250 , 174 , 7155
6257 , 9 , 340
6349 , 319 , 18149
6068 , 66 , 725
6100 , 718 , 8262
6100 , 718 , 8265
6101 , 141 , 2546
6101 , 141 , 2547
6111 , 428 , 5366
6111 , 428 , 5371
6116 , 491 , 17572
6116 , 491 , 17574
6331 , 286 , 11239
6331 , 286 , 11242
6336 , 712 , 29037
6345 , 259 , 8880
6346 , 20 , 776
6079 , 227 , 2624
6101 , 1 , 9
6102 , 171 , 2847
6102 , 171 , 2853
6145 , 25 , 239
6326 , 655 , 20694
6332 , 268 , 10330
6332 , 338 , 12987
6332 , 448 , 17368
6332 , 448 , 17372
6332 , 448 , 17378
6347 , 354 , 10459
6349 , 460 , 25017
6376 , 8 , 226
6058 , 97 , 349
6100 , 421 , 4089
6100 , 741 , 8682
6101 , 208 , 3603
6111 , 146 , 1673
6111 , 413 , 5125
6111 , 716 , 10112
6112 , 33 , 481
6112 , 33 , 482
6116 , 178 , 4274
6116 , 178 , 4279
6254 , 82 , 3160
6325 , 324 , 9963
6336 , 606 , 24768
6336 , 606 , 24776
6345 , 215 , 7515
6347 , 134 , 4115
6347 , 180 , 5471
6375 , 31 , 711
6013 , 16 , 51
6100 , 771 , 9253
6100 , 771 , 9255
6100 , 771 , 9261
6111 , 25 , 302
6116 , 293 , 9496
6250 , 91 , 3758
6312 , 50 , 1649
6345 , 319 , 10342
6345 , 319 , 10348
6347 , 161 , 4892
6094 , 208 , 644
6094 , 208 , 647
6101 , 175 , 3037
6101 , 175 , 3040
6101 , 175 , 3043
6102 , 260 , 4230
6102 , 260 , 4233
6112 , 116 , 1733
6112 , 116 , 1737
6116 , 584 , 21635
6145 , 246 , 2416
6250 , 145 , 5977
6307 , 59 , 1850
6323 , 468 , 14740
6323 , 468 , 14741
6332 , 443 , 17192
6332 , 443 , 17195
6336 , 659 , 26798
6345 , 305 , 9950
6349 , 65 , 8365
6349 , 103 , 10962
6349 , 103 , 10977
6100 , 261 , 2331
6100 , 404 , 3900
6101 , 122 , 2258
6101 , 122 , 2265
6105 , 241 , 3382
6105 , 241 , 3385
6111 , 537 , 7198
6111 , 561 , 7597
6116 , 176 , 4184
6116 , 466 , 16243
6308 , 428 , 13896
6313 , 14 , 538
6325 , 379 , 11687
6331 , 166 , 6490
6331 , 166 , 6497
6331 , 200 , 7876
6336 , 31 , 1254
6336 , 202 , 8312
6022 , 53 , 949
6081 , 285 , 1001
6102 , 25 , 413
6111 , 296 , 3748
6111 , 435 , 5483
6112 , 45 , 662
6112 , 45 , 664
6145 , 107 , 1013
6245 , 51 , 2137
6245 , 51 , 2140
6331 , 125 , 4885
6331 , 193 , 7574
6331 , 193 , 7577
6332 , 630 , 24433
6336 , 990 , 40444
6345 , 203 , 7170
6349 , 292 , 16920
6376 , 76 , 1977
6029 , 289 , 4707
6101 , 17 , 326
6101 , 17 , 330
6101 , 17 , 333
6101 , 17 , 334
6101 , 299 , 5124
6102 , 213 , 3532
6145 , 186 , 1848
6256 , 47 , 2084
6324 , 105 , 3728
6324 , 105 , 3730
6326 , 273 , 8535
6332 , 59 , 2475
6336 , 190 , 7763
6102 , 9 , 158
6102 , 9 , 159
6112 , 200 , 2906
6245 , 114 , 4623
6247 , 7 , 213
6247 , 7 , 219
6310 , 18 , 539
6311 , 214 , 6681
6326 , 1039 , 32324
6332 , 433 , 16817
6332 , 504 , 19569
6336 , 358 , 14802
6336 , 569 , 23272
6336 , 569 , 23277
6336 , 724 , 29496
6336 , 724 , 29498
6336 , 724 , 29500
6097 , 363 , 4381
6099 , 580 , 7194
6100 , 478 , 4810
6101 , 126 , 2320
6101 , 126 , 2321
6102 , 282 , 4618
6111 , 745 , 10563
6116 , 269 , 8431
6116 , 284 , 9089
6248 , 44 , 1695
6248 , 44 , 1697
6308 , 241 , 7823
6332 , 24 , 1209
6332 , 403 , 15585
6336 , 64 , 2610
6336 , 390 , 16063
6336 , 390 , 16072
6336 , 390 , 16073
6345 , 87 , 2532
6345 , 257 , 8814
6099 , 791 , 8654
6100 , 794 , 9709
6100 , 794 , 9711
6100 , 806 , 9947
6100 , 806 , 9950
6111 , 636 , 8865
6111 , 636 , 8868
6111 , 715 , 10103
6113 , 37 , 512
6113 , 37 , 516
6113 , 37 , 518
6245 , 82 , 3368
6245 , 82 , 3370
6245 , 82 , 3371
6311 , 61 , 1997
6332 , 31 , 1456
6332 , 31 , 1458
6332 , 253 , 9769
6336 , 438 , 18133
6345 , 320 , 10380
6345 , 320 , 10381
6079 , 162 , 1774
6096 , 130 , 1333
6110 , 201 , 2581
6111 , 177 , 2002
6250 , 266 , 10685
6326 , 46 , 1573
6336 , 20 , 788
6336 , 51 , 2076
6336 , 701 , 28533
6346 , 32 , 1138
6059 , 127 , 440
6105 , 321 , 4476
6111 , 324 , 4090
6111 , 637 , 8879
6141 , 54 , 485
6250 , 172 , 7055
6250 , 172 , 7057
6250 , 172 , 7067
6325 , 407 , 12568
6326 , 679 , 21468
6331 , 176 , 6913
6336 , 959 , 39364
6099 , 17 , 223
6099 , 787 , 8614
6100 , 809 , 10005
6111 , 882 , 12831
6140 , 33 , 293
6145 , 115 , 1084
6145 , 115 , 1086
6251 , 78 , 2784
6312 , 82 , 2708
6312 , 82 , 2710
6323 , 487 , 15358
6325 , 128 , 4099
6330 , 1 , 5
6336 , 392 , 16135
6065 , 40 , 411
6100 , 219 , 1879
6113 , 74 , 1060
6303 , 100 , 3423
6326 , 296 , 9236
6326 , 812 , 25422
6331 , 31 , 1240
6336 , 48 , 1960
6345 , 163 , 5918
6345 , 362 , 11702
6068 , 210 , 2113
6081 , 81 , 262
6099 , 945 , 9753
6099 , 945 , 9754
6100 , 129 , 898
6100 , 284 , 2562
6100 , 693 , 7764
6100 , 693 , 7765
6100 , 836 , 10532
6100 , 836 , 10538
6100 , 836 , 10544
6101 , 112 , 2091
6250 , 186 , 7597
6250 , 196 , 8011
6313 , 34 , 1178
6313 , 34 , 1182
6323 , 220 , 6881
6332 , 282 , 10885
6336 , 270 , 11142
6345 , 303 , 9901
6347 , 48 , 1515
6347 , 403 , 11799
6100 , 564 , 6005
6100 , 564 , 6006
6101 , 12 , 219
6101 , 12 , 222
6101 , 256 , 4393
6103 , 172 , 2059
6111 , 549 , 7406
6111 , 933 , 13620
6111 , 933 , 13621
6111 , 933 , 13623
6116 , 229 , 6631
6142 , 32 , 278
6145 , 244 , 2393
6250 , 3 , 99
6250 , 3 , 101
6250 , 282 , 11316
6326 , 904 , 28181
6326 , 1090 , 33858
6330 , 54 , 2044
6336 , 78 , 3199
6336 , 441 , 18249
6336 , 441 , 18255
6336 , 866 , 35933
6336 , 866 , 35956
6030 , 186 , 2967
6068 , 39 , 436
6099 , 148 , 1422
6101 , 257 , 4410
6101 , 270 , 4649
6102 , 37 , 617
6102 , 192 , 3180
6116 , 577 , 21324
6250 , 64 , 2660
6250 , 190 , 7771
6325 , 408 , 12594
6326 , 341 , 10660
6326 , 454 , 14103
6332 , 571 , 22166
6346 , 37 , 1309
6347 , 505 , 15928
6347 , 505 , 15942
6349 , 93 , 10565
6375 , 106 , 2600
6028 , 166 , 2626
6029 , 216 , 3532
6112 , 234 , 3389
6116 , 333 , 11262
6142 , 47 , 406
6145 , 58 , 560
6332 , 93 , 3764
6332 , 93 , 3765
6332 , 215 , 8327
6336 , 182 , 7422
6336 , 182 , 7423
6336 , 368 , 15205
6336 , 368 , 15216
6345 , 148 , 5466
6345 , 148 , 5470
6100 , 759 , 9005
6102 , 14 , 233
6102 , 14 , 234
6102 , 268 , 4367
6111 , 640 , 8924
6145 , 109 , 1032
6250 , 86 , 3553
6323 , 313 , 9781
6326 , 389 , 12125
6332 , 533 , 20688
6336 , 19 , 746
6336 , 86 , 3515
6336 , 249 , 10228
6336 , 1006 , 40969
6100 , 673 , 7430
6112 , 135 , 2027
6145 , 96 , 904
6145 , 96 , 907
6336 , 890 , 37009
6336 , 890 , 37020
6347 , 259 , 7788
6375 , 57 , 1360
6007 , 361 , 1448
6017 , 84 , 344
6101 , 252 , 4320
6105 , 242 , 3400
6116 , 474 , 16576
6116 , 474 , 16579
6142 , 51 , 433
6291 , 4 , 102
6291 , 4 , 103
6308 , 68 , 2351
6313 , 15 , 569
6331 , 15 , 635
6331 , 143 , 5601
6332 , 251 , 9688
6375 , 73 , 1766
6049 , 16 , 1046
6060 , 178 , 624
6099 , 96 , 967
6099 , 349 , 5584
6099 , 349 , 5585
6111 , 471 , 6145
6250 , 84 , 3474
6250 , 251 , 10077
6250 , 251 , 10078
6254 , 19 , 687
6308 , 14 , 559
6326 , 525 , 16301
6332 , 296 , 11416
6332 , 296 , 11422
6336 , 211 , 8660
6336 , 336 , 13957
6349 , 111 , 11240
6099 , 549 , 6996
6103 , 169 , 1993
6103 , 169 , 1996
6103 , 169 , 1998
6103 , 169 , 2002
6111 , 268 , 3314
6116 , 483 , 16963
6245 , 131 , 5296
6308 , 287 , 9262
6325 , 142 , 4513
6326 , 997 , 31063
6326 , 1078 , 33474
6331 , 28 , 1123
6332 , 82 , 3385
6332 , 566 , 21953
6336 , 271 , 11183
6336 , 401 , 16511
6336 , 593 , 24229
6336 , 593 , 24233
6345 , 190 , 6772
6007 , 374 , 1510
6081 , 564 , 1945
6099 , 160 , 1572
6101 , 4 , 67
6141 , 95 , 866
6254 , 9 , 289
6254 , 83 , 3197
6308 , 493 , 15860
6311 , 69 , 2228
6323 , 676 , 21231
6330 , 23 , 872
6332 , 386 , 14907
6332 , 386 , 14913
6332 , 386 , 14914
6336 , 63 , 2570
6336 , 460 , 19029
6336 , 460 , 19033
6079 , 189 , 2143
6098 , 184 , 2101
6100 , 391 , 3733
6101 , 232 , 3998
6101 , 232 , 4003
6250 , 212 , 8598
6250 , 212 , 8600
6250 , 212 , 8613
6255 , 18 , 771
6255 , 18 , 773
6323 , 632 , 19858
6326 , 1094 , 33983
6329 , 72 , 2268
6331 , 111 , 4339
6332 , 239 , 9235
6336 , 27 , 1084
6375 , 120 , 2924
6376 , 70 , 1823
6098 , 157 , 1765
6111 , 95 , 1056
6111 , 109 , 1236
6111 , 422 , 5277
6112 , 92 , 1390
6116 , 582 , 21523
6308 , 390 , 12678
6308 , 390 , 12679
6311 , 153 , 4752
6323 , 82 , 2582
6326 , 424 , 13196
6336 , 338 , 14011
6099 , 757 , 8408
6102 , 86 , 1444
6110 , 194 , 2498
6111 , 303 , 3827
6111 , 758 , 10774
6116 , 480 , 16820
6312 , 97 , 3198
6336 , 405 , 16691
6345 , 329 , 10658
6081 , 44 , 131
6099 , 284 , 4355
6100 , 805 , 9931
6116 , 195 , 5067
6116 , 195 , 5069
6145 , 165 , 1644
6251 , 93 , 3352
6251 , 93 , 3353
6251 , 93 , 3355
6323 , 549 , 17236
6326 , 500 , 15535
6336 , 646 , 26305
6336 , 646 , 26308
6336 , 951 , 39076
6336 , 951 , 39079
6029 , 61 , 1042
6095 , 13 , 137
6097 , 741 , 9031
6101 , 210 , 3630
6101 , 222 , 3831
6101 , 222 , 3836
6111 , 840 , 12120
6112 , 125 , 1872
6112 , 125 , 1875
6250 , 75 , 3111
6323 , 333 , 10425
6324 , 42 , 1698
6324 , 42 , 1703
6332 , 350 , 13473
6332 , 350 , 13475
6332 , 525 , 20392
6332 , 544 , 21134
6345 , 160 , 5836
6345 , 256 , 8779
6029 , 119 , 2059
6095 , 24 , 267
6100 , 44 , 281
6100 , 546 , 5766
6101 , 41 , 776
6101 , 41 , 777
6101 , 350 , 5986
6101 , 350 , 5991
6105 , 392 , 5352
6105 , 392 , 5355
6111 , 575 , 7827
6111 , 817 , 11737
6116 , 275 , 8683
6116 , 446 , 15843
6245 , 43 , 1784
6245 , 43 , 1787
6256 , 48 , 2132
6256 , 52 , 2274
6308 , 53 , 1846
6308 , 445 , 14434
6331 , 109 , 4262
6336 , 1 , 5
6336 , 1 , 10
6344 , 15 , 426
6347 , 155 , 4731
6347 , 305 , 9073
6347 , 305 , 9075
6350 , 41 , 1471
6350 , 151 , 4793
6100 , 760 , 9025
6100 , 760 , 9029
6100 , 760 , 9030
6100 , 760 , 9034
6116 , 508 , 18288
6250 , 74 , 3067
6250 , 161 , 6615
6250 , 161 , 6625
6313 , 33 , 1137
6331 , 156 , 6119
6336 , 407 , 16786
6336 , 407 , 16797
6336 , 604 , 24686
6336 , 604 , 24691
6336 , 604 , 24693
6345 , 49 , 1422
6097 , 338 , 4063
6097 , 397 , 4791
6111 , 418 , 5213
6111 , 698 , 9796
6311 , 27 , 943
6323 , 668 , 20970
6326 , 884 , 27575
6331 , 13 , 545
6332 , 171 , 6741
6332 , 364 , 14070
6332 , 380 , 14686
6332 , 380 , 14692
6336 , 75 , 3051
6336 , 597 , 24393
6046 , 10 , 110
6099 , 15 , 195
6111 , 573 , 7795
6111 , 573 , 7796
6116 , 394 , 14011
6140 , 25 , 209
6336 , 82 , 3360
6347 , 385 , 11279
6097 , 235 , 2754
6097 , 378 , 4579
6099 , 396 , 5961
6101 , 37 , 696
6101 , 371 , 6324
6105 , 248 , 3485
6111 , 747 , 10599
6111 , 747 , 10600
6112 , 293 , 4151
6116 , 28 , 412
6116 , 28 , 414
6116 , 190 , 4847
6250 , 19 , 776
6323 , 22 , 736
6325 , 422 , 13005
6325 , 422 , 13007
6329 , 66 , 2106
6329 , 66 , 2107
6332 , 555 , 21562
6332 , 608 , 23582
6336 , 538 , 22010
6349 , 338 , 19106
6063 , 108 , 1168
6079 , 145 , 1536
6097 , 707 , 8625
6111 , 219 , 2537
6111 , 219 , 2540
6111 , 219 , 2542
6111 , 518 , 6887
6112 , 192 , 2793
6116 , 299 , 9772
6250 , 1 , 6
6312 , 63 , 2078
6323 , 593 , 18662
6323 , 607 , 19105
6331 , 93 , 3651
6336 , 424 , 17522
6003 , 19 , 76
6007 , 172 , 663
6064 , 165 , 1748
6097 , 848 , 10236
6099 , 589 , 7258
6100 , 715 , 8202
6100 , 715 , 8203
6110 , 91 , 1148
6116 , 559 , 20513
6245 , 24 , 967
6245 , 24 , 969
6250 , 178 , 7305
6250 , 210 , 8526
6308 , 119 , 3835
6323 , 115 , 3592
6323 , 115 , 3593
6323 , 115 , 3594
6331 , 244 , 9601
6041 , 35 , 541
6097 , 639 , 7845
6100 , 565 , 6016
6111 , 195 , 2215
6111 , 903 , 13159
6111 , 903 , 13160
6112 , 87 , 1304
6112 , 87 , 1308
6141 , 46 , 408
6146 , 71 , 703
6308 , 132 , 4237
6336 , 675 , 27430
6081 , 260 , 915
6112 , 301 , 4279
6112 , 301 , 4282
6112 , 301 , 4285
6116 , 413 , 14905
6116 , 413 , 14907
6140 , 65 , 594
6245 , 127 , 5119
6245 , 127 , 5122
6324 , 117 , 4085
6332 , 219 , 8490
6332 , 219 , 8493
6096 , 105 , 1038
6097 , 495 , 6040
6099 , 285 , 4401
6101 , 3 , 43
6101 , 3 , 44
6102 , 145 , 2421
6103 , 165 , 1907
6111 , 707 , 9981
6113 , 90 , 1302
6116 , 8 , 122
6116 , 326 , 10955
6284 , 7 , 284
6326 , 1067 , 33155
6326 , 1067 , 33156
6330 , 43 , 1660
6336 , 409 , 16863
6347 , 112 , 3407
6347 , 384 , 11250
6102 , 162 , 2707
6245 , 140 , 5637
6312 , 10 , 372
6326 , 403 , 12565
6326 , 498 , 15481
6331 , 101 , 3944
6332 , 297 , 11448
6346 , 66 , 2257
6347 , 152 , 4634
6347 , 330 , 9766
6376 , 5 , 146
6040 , 59 , 854
6063 , 122 , 1319
6097 , 302 , 3644
6105 , 194 , 2755
6113 , 79 , 1122
6113 , 79 , 1123
6116 , 517 , 18627
6116 , 526 , 19027
6116 , 610 , 22744
6326 , 1021 , 31776
6336 , 53 , 2155
6336 , 53 , 2163
6336 , 263 , 10817
6345 , 30 , 873
6349 , 105 , 11037
6007 , 350 , 1405
6099 , 169 , 1662
6099 , 169 , 1663
6100 , 484 , 4884
6111 , 596 , 8204
6248 , 46 , 1770
6248 , 46 , 1773
6250 , 143 , 5904
6323 , 85 , 2664
6063 , 158 , 1730
6100 , 829 , 10373
6111 , 334 , 4215
6112 , 163 , 2424
6112 , 163 , 2426
6116 , 38 , 563
6145 , 9 , 91
6245 , 90 , 3668
6250 , 265 , 10641
6250 , 265 , 10642
6250 , 265 , 10643
6256 , 51 , 2245
6308 , 262 , 8462
6308 , 262 , 8466
6323 , 195 , 6093
6336 , 319 , 13227
6349 , 425 , 22912
6064 , 851 , 8781
6098 , 179 , 2038
6098 , 209 , 2379
6100 , 824 , 10274
6111 , 986 , 14433
6111 , 986 , 14435
6112 , 50 , 732
6112 , 50 , 736
6112 , 193 , 2802
6113 , 110 , 1585
6250 , 222 , 8965
6336 , 294 , 12164
6336 , 294 , 12167
6347 , 78 , 2416
6347 , 78 , 2420
6347 , 513 , 16977
6100 , 456 , 4539
6105 , 211 , 2962
6112 , 97 , 1472
6307 , 72 , 2242
6308 , 36 , 1283
6311 , 149 , 4645
6326 , 143 , 4625
6326 , 143 , 4626
6326 , 1002 , 31219
6332 , 148 , 5876
6336 , 374 , 15437
5992 , 13 , 60
6110 , 135 , 1733
6110 , 135 , 1734
6110 , 135 , 1735
6110 , 135 , 1736
6111 , 465 , 6043
6111 , 465 , 6047
6111 , 569 , 7729
6111 , 812 , 11663
6111 , 812 , 11666
6111 , 812 , 11670
6111 , 945 , 13803
6111 , 945 , 13805
6112 , 124 , 1849
6116 , 308 , 10187
6257 , 38 , 1460
6323 , 701 , 21967
6331 , 91 , 3577
6331 , 145 , 5686
6332 , 607 , 23539
6332 , 607 , 23541
6332 , 607 , 23543
6336 , 328 , 13627
6064 , 397 , 4139
6100 , 505 , 5158
6102 , 235 , 3848
6116 , 384 , 13550
6250 , 253 , 10155
6257 , 34 , 1302
6257 , 34 , 1309
6308 , 359 , 11626
6323 , 307 , 9566
6332 , 114 , 4599
6332 , 540 , 20974
6332 , 540 , 20977
6332 , 576 , 22350
6336 , 160 , 6542
6336 , 561 , 22948
6336 , 1011 , 41166
6099 , 300 , 4777
6101 , 181 , 3138
6101 , 377 , 6429
6110 , 9 , 180
6111 , 653 , 9139
6111 , 653 , 9140
6112 , 4 , 40
6112 , 4 , 42
6112 , 4 , 45
6145 , 31 , 297
6326 , 560 , 17478
6332 , 271 , 10449
6336 , 5 , 185
6336 , 5 , 191
6346 , 68 , 2335
6349 , 281 , 16358
6376 , 24 , 648
6017 , 196 , 892
6071 , 114 , 1118
6101 , 84 , 1615
6105 , 228 , 3177
6105 , 388 , 5309
6111 , 154 , 1760
6323 , 698 , 21873
6375 , 135 , 3301
6065 , 61 , 639
6068 , 204 , 2057
6097 , 484 , 5887
6100 , 553 , 5857
6101 , 118 , 2183
6110 , 37 , 503
6111 , 496 , 6556
6111 , 496 , 6558
6116 , 366 , 12760
6323 , 216 , 6756
6325 , 462 , 14222
6326 , 450 , 13990
6329 , 34 , 1121
6329 , 34 , 1123
6332 , 84 , 3445
6345 , 56 , 1622
6349 , 327 , 18574
6349 , 327 , 18575
6101 , 345 , 5897
6101 , 345 , 5899
6111 , 771 , 10996
6254 , 52 , 1951
6325 , 438 , 13478
6325 , 438 , 13481
6330 , 36 , 1380
6376 , 60 , 1580
6098 , 216 , 2470
6098 , 216 , 2472
6100 , 29 , 194
6101 , 169 , 2956
6101 , 169 , 2958
6112 , 239 , 3457
6116 , 251 , 7626
6116 , 251 , 7627
6248 , 15 , 570
6254 , 10 , 326
6326 , 885 , 27614
6332 , 234 , 9049
6332 , 311 , 11952
6332 , 507 , 19708
6332 , 523 , 20302
6349 , 104 , 11013
6100 , 479 , 4823
6100 , 479 , 4824
6102 , 12 , 204
6105 , 270 , 3812
6105 , 373 , 5127
6112 , 29 , 415
6113 , 22 , 314
6145 , 194 , 1919
6145 , 194 , 1923
6146 , 31 , 300
6312 , 70 , 2313
6347 , 320 , 9494
6068 , 117 , 1220
6100 , 396 , 3790
6100 , 396 , 3794
6101 , 152 , 2709
6113 , 44 , 598
6113 , 44 , 603
6113 , 44 , 606
6141 , 93 , 847
6145 , 6 , 65
6146 , 75 , 736
6325 , 151 , 4804
6326 , 548 , 17061
6326 , 838 , 26180
6329 , 89 , 2797
6329 , 89 , 2798
6329 , 89 , 2800
6336 , 562 , 23002
6336 , 562 , 23006
6336 , 875 , 36438
6064 , 72 , 793
6097 , 106 , 1157
6097 , 400 , 4829
6101 , 365 , 6233
6111 , 451 , 5798
6111 , 546 , 7356
6112 , 214 , 3081
6112 , 214 , 3084
6112 , 323 , 4531
6112 , 323 , 4533
6116 , 213 , 5912
6116 , 213 , 5913
6142 , 28 , 252
6308 , 200 , 6441
6330 , 44 , 1698
6332 , 481 , 18672
6336 , 588 , 24022
6336 , 588 , 24028
6349 , 437 , 23551
5992 , 50 , 229
6030 , 5 , 228
6097 , 455 , 5497
6098 , 118 , 1293
6101 , 347 , 5934
6101 , 347 , 5935
6101 , 347 , 5936
6105 , 265 , 3730
6250 , 216 , 8763
6250 , 216 , 8766
6250 , 216 , 8769
6323 , 70 , 2204
6323 , 414 , 13015
6325 , 107 , 3448
6099 , 144 , 1376
6099 , 196 , 1896
6100 , 377 , 3590
6112 , 37 , 550
6112 , 139 , 2077
6112 , 139 , 2080
6145 , 1 , 3
6145 , 1 , 8
6146 , 32 , 310
6248 , 1 , 8
6254 , 3 , 68
6332 , 313 , 12027
6332 , 313 , 12033
6332 , 377 , 14586
6332 , 427 , 16540
6095 , 22 , 236
6099 , 155 , 1511
6144 , 17 , 173
6311 , 243 , 7587
6311 , 243 , 7591
6336 , 66 , 2702
6097 , 464 , 5617
6097 , 487 , 5926
6097 , 673 , 8231
6100 , 740 , 8670
6102 , 97 , 1603
6102 , 97 , 1605
6112 , 81 , 1228
6113 , 32 , 443
6116 , 306 , 10094
6116 , 306 , 10096
6116 , 606 , 22570
6116 , 606 , 22572
6140 , 40 , 377
6245 , 62 , 2587
6250 , 73 , 3018
6303 , 24 , 846
6303 , 24 , 850
6331 , 52 , 2060
6332 , 511 , 19852
6336 , 490 , 20281
6349 , 352 , 19747
6349 , 352 , 19762
6100 , 192 , 1579
6111 , 357 , 4541
6116 , 262 , 8124
6116 , 262 , 8126
6141 , 66 , 587
6145 , 13 , 125
6308 , 357 , 11555
6323 , 44 , 1409
6323 , 209 , 6527
6323 , 295 , 9145
6326 , 95 , 3178
6331 , 220 , 8692
6336 , 14 , 548
6345 , 355 , 11476
6345 , 355 , 11483
6098 , 122 , 1359
6105 , 329 , 4574
6112 , 134 , 2006
6112 , 134 , 2011
6116 , 404 , 14489
6145 , 18 , 172
6145 , 162 , 1610
6331 , 128 , 5014
6332 , 5 , 443
6347 , 235 , 7041
6347 , 294 , 8764
6030 , 229 , 3574
6100 , 305 , 2811
6100 , 365 , 3456
6116 , 177 , 4238
6116 , 177 , 4240
6116 , 177 , 4241
6145 , 78 , 742
6311 , 24 , 862
6326 , 440 , 13691
6029 , 8 , 222
6097 , 392 , 4736
6105 , 256 , 3600
6105 , 256 , 3602
6105 , 256 , 3604
6140 , 68 , 631
6245 , 80 , 3284
6245 , 80 , 3286
6254 , 58 , 2192
6254 , 58 , 2195
6303 , 47 , 1667
6311 , 18 , 655
6311 , 18 , 657
6311 , 18 , 658
6311 , 18 , 659
6323 , 598 , 18835
6332 , 470 , 18256
6332 , 477 , 18502
6332 , 477 , 18505
6332 , 648 , 25181
6332 , 648 , 25183
6336 , 938 , 38610
6347 , 36 , 1110
6347 , 36 , 1117
6347 , 36 , 1125
6064 , 856 , 8837
6075 , 179 , 1926
6079 , 230 , 2664
6100 , 797 , 9763
6101 , 39 , 747
6101 , 194 , 3361
6101 , 194 , 3363
6101 , 194 , 3367
6105 , 225 , 3132
6111 , 613 , 8516
6111 , 613 , 8520
6247 , 4 , 112
6312 , 5 , 227
6323 , 688 , 21594
6326 , 60 , 2024
6332 , 332 , 12754
6332 , 332 , 12756
6336 , 377 , 15547
6336 , 377 , 15554
6097 , 415 , 5013
6105 , 16 , 283
6105 , 167 , 2314
6111 , 924 , 13484
6111 , 939 , 13711
6116 , 607 , 22611
6145 , 149 , 1446
6252 , 61 , 2247
6252 , 61 , 2254
6323 , 330 , 10343
6323 , 707 , 22161
6332 , 559 , 21698
6097 , 312 , 3754
6097 , 506 , 6181
6099 , 895 , 9389
6100 , 492 , 4990
6145 , 52 , 498
6250 , 125 , 5172
6250 , 125 , 5174
6332 , 383 , 14814
6332 , 471 , 18295
6332 , 554 , 21512
6111 , 107 , 1209
6111 , 107 , 1211
6111 , 889 , 12945
6111 , 889 , 12949
6116 , 243 , 7254
6141 , 14 , 116
6141 , 14 , 118
6145 , 152 , 1486
6145 , 152 , 1487
6323 , 298 , 9248
6323 , 611 , 19242
6323 , 611 , 19245
6324 , 62 , 2366
6331 , 16 , 677
6097 , 10 , 98
6097 , 659 , 8085
6099 , 707 , 8072
6101 , 328 , 5629
6101 , 328 , 5630
6111 , 683 , 9567
6111 , 746 , 10582
6111 , 746 , 10583
6245 , 88 , 3596
6250 , 101 , 4185
6250 , 101 , 4191
6323 , 504 , 15852
6345 , 352 , 11388
6002 , 241 , 937
6100 , 791 , 9647
6101 , 242 , 4148
6102 , 39 , 658
6113 , 80 , 1134
6145 , 156 , 1535
6308 , 210 , 6778
6310 , 28 , 829
6332 , 441 , 17131
6097 , 699 , 8527
6100 , 671 , 7398
6100 , 684 , 7622
6100 , 684 , 7623
6102 , 43 , 736
6102 , 43 , 738
6102 , 43 , 741
6102 , 173 , 2880
6111 , 485 , 6379
6113 , 5 , 46
6116 , 568 , 20940
6254 , 96 , 3672
6311 , 270 , 8453
6324 , 123 , 4273
6331 , 65 , 2576
6331 , 188 , 7374
6332 , 101 , 4078
6332 , 101 , 4086
6332 , 133 , 5281
6332 , 241 , 9308
6332 , 485 , 18829
6332 , 485 , 18836
6336 , 55 , 2248
6336 , 61 , 2498
6336 , 140 , 5718
6336 , 462 , 19109
6336 , 462 , 19112
6336 , 462 , 19122
6375 , 122 , 2965
6063 , 99 , 1079
6097 , 818 , 9879
6146 , 17 , 156
6291 , 5 , 135
6312 , 29 , 967
6326 , 199 , 6292
6326 , 574 , 17950
6326 , 574 , 17954
6331 , 168 , 6573
6331 , 231 , 9100
6336 , 541 , 22124
6347 , 67 , 2046
6041 , 115 , 1676
6097 , 211 , 2427
6097 , 735 , 8958
6099 , 572 , 7147
6099 , 582 , 7212
6102 , 283 , 4637
6102 , 283 , 4640
6102 , 283 , 4641
6105 , 303 , 4244
6110 , 115 , 1454
6111 , 129 , 1471
6113 , 3 , 19
6257 , 22 , 844
6326 , 852 , 26603
6332 , 318 , 12215
6332 , 492 , 19102
6079 , 153 , 1641
6079 , 153 , 1644
6112 , 321 , 4505
6146 , 73 , 719
6250 , 34 , 1399
6326 , 919 , 28652
6331 , 84 , 3317
6331 , 269 , 10560
6331 , 269 , 10566
6349 , 77 , 10004
6349 , 77 , 10013
6099 , 414 , 6072
6111 , 739 , 10466
6111 , 954 , 13953
6112 , 43 , 644
6116 , 37 , 540
6141 , 20 , 177
6144 , 12 , 122
6145 , 159 , 1573
6145 , 251 , 2461
6252 , 82 , 3065
6308 , 38 , 1354
6311 , 14 , 531
6326 , 628 , 19789
6331 , 172 , 6742
6041 , 201 , 2908
6097 , 612 , 7534
6100 , 315 , 2939
6103 , 174 , 2093
6103 , 174 , 2096
6110 , 99 , 1244
6110 , 99 , 1245
6111 , 805 , 11522
6245 , 149 , 5997
6245 , 149 , 6003
6326 , 261 , 8172
6332 , 32 , 1497
6332 , 604 , 23431
6336 , 678 , 27554
6102 , 64 , 1054
6246 , 2 , 275
6250 , 31 , 1264
6250 , 67 , 2783
6250 , 67 , 2786
6313 , 51 , 1747
6323 , 270 , 8386
6323 , 546 , 17129
6325 , 429 , 13214
6332 , 435 , 16893
6336 , 635 , 25890
6336 , 872 , 36261
6336 , 872 , 36265
6347 , 100 , 3086
6349 , 166 , 13341
6029 , 67 , 1125
6099 , 165 , 1618
6102 , 41 , 691
6102 , 41 , 699
6105 , 346 , 4804
6111 , 955 , 13971
6112 , 36 , 533
6116 , 9 , 134
6116 , 9 , 139
6116 , 9 , 141
6250 , 237 , 9529
6256 , 26 , 1265
6256 , 26 , 1266
6323 , 12 , 400
6323 , 421 , 13263
6336 , 573 , 23429
6336 , 624 , 25491
6349 , 98 , 10773
6028 , 159 , 2517
6070 , 9 , 82
6100 , 826 , 10307
6100 , 826 , 10318
6111 , 619 , 8606
6111 , 667 , 9347
6245 , 17 , 637
6329 , 29 , 960
6329 , 29 , 961
6336 , 442 , 18289
6002 , 300 , 1177
6041 , 155 , 2327
6079 , 188 , 2131
6099 , 406 , 6022
6100 , 311 , 2884
6100 , 813 , 10082
6105 , 331 , 4595
6111 , 490 , 6461
6111 , 490 , 6464
6111 , 666 , 9336
6250 , 126 , 5212
6250 , 126 , 5213
6250 , 126 , 5218
6250 , 283 , 11360
6250 , 283 , 11361
6254 , 100 , 3843
6254 , 100 , 3846
6284 , 3 , 143
6313 , 65 , 2192
6329 , 84 , 2632
6332 , 426 , 16499
6332 , 426 , 16504
6079 , 77 , 801
6097 , 336 , 4040
6101 , 324 , 5561
6103 , 156 , 1687
6111 , 732 , 10371
6111 , 854 , 12365
6145 , 175 , 1753
6245 , 115 , 4658
6245 , 115 , 4660
6311 , 16 , 588
6332 , 401 , 15505
6336 , 156 , 6365
6336 , 156 , 6376
6336 , 181 , 7380
6063 , 39 , 402
6065 , 70 , 735
6097 , 570 , 6997
6100 , 496 , 5030
6103 , 163 , 1857
6111 , 827 , 11902
6111 , 911 , 13277
6112 , 258 , 3732
6145 , 247 , 2426
6251 , 86 , 3096
6252 , 4 , 219
6252 , 4 , 220
6308 , 28 , 1015
6308 , 28 , 1020
6308 , 400 , 13016
6308 , 400 , 13017
6313 , 64 , 2160
6323 , 405 , 12703
6336 , 192 , 7854
6029 , 178 , 2947
6079 , 148 , 1571
6097 , 295 , 3550
6097 , 295 , 3552
6110 , 120 , 1529
6110 , 120 , 1532
6111 , 327 , 4139
6116 , 220 , 6210
6145 , 82 , 782
6145 , 82 , 784
6145 , 82 , 788
6145 , 82 , 789
6250 , 205 , 8355
6376 , 73 , 1886
6097 , 629 , 7729
6100 , 515 , 5292
6100 , 515 , 5293
6101 , 247 , 4233
6102 , 129 , 2111
6102 , 143 , 2369
6103 , 170 , 2016
6103 , 170 , 2017
6103 , 170 , 2027
6112 , 146 , 2172
6141 , 81 , 735
6250 , 148 , 6098
6250 , 148 , 6103
6323 , 492 , 15512
6324 , 158 , 5394
6326 , 808 , 25296
6332 , 193 , 7547
6349 , 307 , 17607
6349 , 307 , 17615
6041 , 177 , 2606
6080 , 85 , 366
6081 , 545 , 1877
6097 , 573 , 7033
6100 , 547 , 5778
6111 , 310 , 3916
6111 , 310 , 3920
6111 , 335 , 4228
6111 , 335 , 4231
6111 , 438 , 5545
6111 , 499 , 6613
6111 , 499 , 6616
6116 , 532 , 19317
6255 , 6 , 338
6303 , 54 , 1882
6325 , 124 , 3980
6331 , 152 , 5965
6332 , 286 , 11038
6332 , 579 , 22458
6345 , 123 , 4264
6041 , 43 , 658
6097 , 263 , 3144
6099 , 460 , 6370
6105 , 330 , 4588
6111 , 26 , 322
6111 , 405 , 4999
6111 , 494 , 6526
6111 , 494 , 6528
6250 , 92 , 3799
6312 , 85 , 2801
6312 , 85 , 2802
6330 , 19 , 727
6330 , 19 , 734
6336 , 275 , 11341
6336 , 480 , 19841
6347 , 319 , 9477
6100 , 510 , 5223
6102 , 255 , 4153
6254 , 50 , 1876
6254 , 50 , 1881
6284 , 28 , 1082
6307 , 129 , 3998
6307 , 129 , 4002
6308 , 35 , 1257
6323 , 602 , 18967
6324 , 142 , 4884
6326 , 112 , 3726
6326 , 700 , 22152
6332 , 260 , 10044
6332 , 391 , 15115
6336 , 687 , 27943
6336 , 687 , 27945
6336 , 906 , 37527
6002 , 306 , 1198
6100 , 793 , 9682
6113 , 45 , 614
6116 , 537 , 19560
6140 , 42 , 393
6250 , 77 , 3188
6254 , 59 , 2231
6336 , 915 , 37832
6345 , 31 , 895
6349 , 399 , 21902
6349 , 399 , 21907
6064 , 472 , 4861
6068 , 104 , 1099
6099 , 86 , 870
6099 , 931 , 9655
6100 , 235 , 2067
6111 , 338 , 4279
6111 , 920 , 13424
6248 , 7 , 250
6248 , 7 , 252
6313 , 82 , 2757
6323 , 20 , 657
6323 , 20 , 658
6326 , 573 , 17925
6326 , 640 , 20181
6331 , 55 , 2170
6332 , 261 , 10083
6347 , 285 , 8514
6349 , 266 , 15512
6097 , 413 , 4982
6097 , 435 , 5241
6099 , 134 , 1293
6101 , 191 , 3319
6142 , 55 , 466
6144 , 9 , 80
6144 , 9 , 85
6257 , 45 , 1738
6323 , 662 , 20765
6326 , 89 , 2989
6332 , 321 , 12329
6345 , 107 , 3404
6376 , 49 , 1308
6376 , 49 , 1309
6068 , 202 , 2040
6069 , 41 , 426
6081 , 366 , 1280
6110 , 176 , 2223
6112 , 257 , 3707
6112 , 257 , 3708
6112 , 257 , 3712
6113 , 105 , 1506
6144 , 20 , 199
6144 , 20 , 200
6144 , 20 , 203
6313 , 38 , 1316
6313 , 57 , 1943
6323 , 663 , 20791
6336 , 461 , 19076
6029 , 186 , 3068
6070 , 42 , 409
6254 , 64 , 2425
6254 , 64 , 2428
6254 , 64 , 2429
6254 , 68 , 2586
6254 , 68 , 2591
6256 , 35 , 1601
6311 , 272 , 8509
6312 , 78 , 2579
6324 , 11 , 693
6325 , 456 , 14014
6326 , 532 , 16527
6331 , 27 , 1080
6331 , 27 , 1081
6332 , 310 , 11919
6332 , 310 , 11921
6336 , 165 , 6734
6336 , 165 , 6736
6347 , 206 , 6201
6350 , 92 , 3026
6075 , 199 , 2208
6111 , 353 , 4471
6111 , 921 , 13433
6111 , 921 , 13438
6112 , 270 , 3904
6146 , 95 , 944
6146 , 95 , 949
6308 , 203 , 6535
6311 , 206 , 6414
6325 , 105 , 3381
6325 , 377 , 11624
6331 , 72 , 2843
6331 , 72 , 2847
6336 , 184 , 7510
6376 , 34 , 919
6040 , 69 , 1005
6079 , 198 , 2262
6099 , 759 , 8420
6101 , 196 , 3391
6101 , 283 , 4863
6105 , 36 , 540
6111 , 798 , 11416
6116 , 401 , 14338
6116 , 457 , 16017
6145 , 65 , 635
6311 , 42 , 1407
6323 , 526 , 16516
6323 , 526 , 16517
6349 , 42 , 4838
6376 , 61 , 1604
6376 , 66 , 1719
6038 , 65 , 1064
6064 , 519 , 5351
6111 , 502 , 6659
6116 , 463 , 16133
6116 , 463 , 16136
6116 , 597 , 22188
6310 , 52 , 1574
6310 , 52 , 1580
6330 , 55 , 2078
6330 , 55 , 2083
6336 , 191 , 7795
6336 , 191 , 7797
6336 , 191 , 7807
6336 , 191 , 7808
6345 , 359 , 11607
6346 , 59 , 2056
6375 , 165 , 4048
6116 , 399 , 14240
6141 , 117 , 1062
6142 , 8 , 73
6142 , 34 , 297
6142 , 34 , 301
6245 , 91 , 3712
6245 , 91 , 3713
6308 , 10 , 386
6332 , 290 , 11182
6332 , 440 , 17084
6332 , 535 , 20773
6336 , 440 , 18212
6347 , 256 , 7706
6029 , 254 , 4177
6101 , 54 , 1017
6102 , 115 , 1897
6102 , 115 , 1900
6111 , 541 , 7268
6257 , 11 , 421
6257 , 11 , 423
6308 , 303 , 9764
6326 , 210 , 6659
6326 , 210 , 6660
6326 , 943 , 29377
6336 , 964 , 39546
6079 , 160 , 1746
6095 , 34 , 393
6099 , 408 , 6036
6101 , 294 , 5044
6102 , 63 , 1039
6102 , 63 , 1043
6102 , 251 , 4085
6102 , 251 , 4086
6105 , 282 , 3965
6110 , 103 , 1304
6110 , 103 , 1306
6110 , 103 , 1307
6111 , 652 , 9122
6111 , 652 , 9123
6111 , 652 , 9124
6111 , 892 , 12993
6111 , 892 , 12994
6113 , 87 , 1252
6303 , 7 , 225
6308 , 345 , 11147
6311 , 274 , 8585
6326 , 57 , 1921
6326 , 357 , 11153
6332 , 283 , 10920
6347 , 20 , 607
6375 , 102 , 2511
6017 , 171 , 770
6031 , 89 , 7465
6097 , 404 , 4866
6099 , 127 , 1215
6101 , 201 , 3483
6101 , 201 , 3484
6111 , 230 , 2793
6250 , 30 , 1230
6324 , 22 , 1059
6324 , 22 , 1060
6326 , 132 , 4295
6332 , 584 , 22664
6336 , 603 , 24641
6376 , 38 , 1025
6376 , 44 , 1188
6097 , 208 , 2388
6099 , 10 , 125
6100 , 628 , 6865
6111 , 844 , 12190
6112 , 156 , 2325
6113 , 116 , 1680
6146 , 57 , 569
6146 , 57 , 570
6254 , 91 , 3479
6323 , 167 , 5237
6325 , 449 , 13798
6332 , 74 , 3050
6336 , 308 , 12743
6347 , 136 , 4175
6349 , 170 , 13487
6068 , 358 , 3636
6101 , 47 , 873
6101 , 47 , 876
6102 , 42 , 716
6102 , 42 , 719
6111 , 285 , 3613
6111 , 881 , 12821
6111 , 881 , 12823
6111 , 881 , 12825
6336 , 474 , 19622
6345 , 325 , 10536
6347 , 277 , 8282
6375 , 17 , 331
6075 , 326 , 3553
6098 , 30 , 335
6102 , 47 , 800
6102 , 47 , 803
6102 , 47 , 806
6103 , 161 , 1801
6332 , 618 , 23969
6332 , 618 , 23974
6347 , 357 , 10530
6099 , 324 , 4947
6101 , 13 , 243
6101 , 13 , 244
6101 , 13 , 247
6101 , 13 , 249
6110 , 86 , 1092
6112 , 102 , 1542
6145 , 250 , 2453
6245 , 33 , 1350
6245 , 40 , 1651
6311 , 100 , 3128
6332 , 631 , 24474
6081 , 220 , 753
6097 , 237 , 2781
6097 , 497 , 6071
6100 , 730 , 8473
6100 , 730 , 8475
6101 , 97 , 1849
6101 , 97 , 1852
6101 , 97 , 1853
6111 , 624 , 8691
6111 , 941 , 13738
6111 , 941 , 13739
6111 , 941 , 13742
6116 , 282 , 9004
6326 , 893 , 27842
6332 , 512 , 19895
6332 , 590 , 22880
6332 , 590 , 22884
6332 , 590 , 22886
6332 , 609 , 23612
6336 , 183 , 7456
6336 , 183 , 7459
6336 , 183 , 7469
6336 , 852 , 34189
6345 , 45 , 1302
6347 , 129 , 3973
6347 , 325 , 9623
6347 , 325 , 9628
6094 , 219 , 706
6101 , 77 , 1465
6102 , 181 , 3004
6105 , 33 , 499
6111 , 274 , 3479
6111 , 274 , 3480
6111 , 832 , 11988
6116 , 519 , 18716
6116 , 519 , 18719
6116 , 519 , 18720
6142 , 5 , 47
6145 , 184 , 1832
6145 , 253 , 2477
6325 , 141 , 4490
6326 , 743 , 23437
6330 , 31 , 1175
6331 , 161 , 6301
6097 , 448 , 5417
6097 , 843 , 10164
6098 , 74 , 825
6100 , 762 , 9074
6100 , 818 , 10173
6101 , 35 , 663
6102 , 57 , 953
6102 , 95 , 1576
6110 , 102 , 1291
6110 , 102 , 1292
6110 , 178 , 2253
6110 , 178 , 2257
6112 , 75 , 1140
6146 , 53 , 521
6250 , 261 , 10474
6307 , 44 , 1390
6311 , 36 , 1222
6323 , 166 , 5197
6323 , 641 , 20146
6325 , 44 , 1543
6325 , 55 , 1872
6326 , 638 , 20116
6336 , 69 , 2797
6336 , 114 , 4648
6030 , 55 , 943
6039 , 104 , 1617
6099 , 925 , 9607
6100 , 731 , 8494
6100 , 731 , 8497
6100 , 769 , 9211
6100 , 769 , 9217
6101 , 235 , 4035
6101 , 235 , 4041
6112 , 40 , 593
6112 , 250 , 3623
6116 , 216 , 6030
6140 , 61 , 550
6141 , 32 , 285
6311 , 219 , 6839
6326 , 1035 , 32211
6346 , 49 , 1709
6097 , 261 , 3125
6102 , 105 , 1730
6102 , 105 , 1731
6111 , 593 , 8138
6111 , 593 , 8140
6245 , 85 , 3479
6245 , 85 , 3483
6250 , 61 , 2536
6255 , 12 , 554
6308 , 377 , 12234
6323 , 263 , 8181
6329 , 19 , 649
6350 , 91 , 2991
6082 , 42 , 135
6097 , 317 , 3807
6098 , 210 , 2396
6099 , 85 , 863
6099 , 891 , 9362
6110 , 67 , 844
6110 , 67 , 846
6116 , 302 , 9902
6250 , 117 , 4878
6250 , 117 , 4882
6332 , 351 , 13516
6336 , 279 , 11499
6346 , 16 , 667
6346 , 16 , 668
6347 , 409 , 11951
6065 , 120 , 1243
6075 , 238 , 2677
6097 , 441 , 5319
6101 , 153 , 2727
6101 , 166 , 2908
6101 , 317 , 5430
6110 , 189 , 2427
6145 , 193 , 1912
6145 , 193 , 1914
6323 , 551 , 17305
6323 , 551 , 17306
6325 , 4 , 239
6330 , 7 , 260
6330 , 7 , 263
6331 , 248 , 9759
6332 , 547 , 21237
6332 , 547 , 21241
6332 , 547 , 21250
6375 , 100 , 2458
6376 , 62 , 1627
6100 , 831 , 10414
6100 , 831 , 10417
6101 , 363 , 6198
6102 , 248 , 4038
6102 , 248 , 4041
6110 , 118 , 1495
6111 , 987 , 14446
6116 , 2 , 27
6116 , 2 , 29
6116 , 2 , 35
6250 , 4 , 131
6250 , 4 , 133
6250 , 4 , 135
6250 , 4 , 139
6326 , 614 , 19331
6336 , 213 , 8735
6336 , 213 , 8736
6336 , 213 , 8740
6336 , 546 , 22315
6336 , 713 , 29066
6336 , 713 , 29071
6105 , 165 , 2296
6111 , 535 , 7166
6111 , 708 , 9997
6111 , 708 , 10000
6111 , 849 , 12286
6111 , 972 , 14239
6141 , 62 , 553
6250 , 24 , 1008
6250 , 24 , 1011
6325 , 147 , 4669
6325 , 147 , 4672
6326 , 242 , 7588
6326 , 682 , 21554
6329 , 69 , 2186
6332 , 245 , 9457
6336 , 504 , 20858
6344 , 7 , 206
6101 , 82 , 1572
6102 , 134 , 2192
6102 , 134 , 2196
6111 , 802 , 11471
6112 , 197 , 2857
6112 , 197 , 2859
6116 , 290 , 9363
6116 , 440 , 15736
6145 , 3 , 27
6308 , 254 , 8227
6325 , 334 , 10263
6326 , 920 , 28676
6336 , 73 , 2971
6097 , 624 , 7669
6248 , 40 , 1540
6250 , 85 , 3512
6250 , 177 , 7266
6250 , 177 , 7269
6251 , 14 , 599
6323 , 25 , 827
6323 , 33 , 1070
6323 , 33 , 1071
6332 , 64 , 2687
6336 , 32 , 1308
6349 , 152 , 12771
6060 , 348 , 1275
6073 , 62 , 616
6097 , 623 , 7658
6097 , 623 , 7659
6099 , 40 , 385
6100 , 205 , 1737
6100 , 549 , 5810
6102 , 46 , 790
6102 , 46 , 791
6111 , 824 , 11850
6116 , 374 , 13124
6140 , 30 , 267
6145 , 20 , 188
6254 , 56 , 2113
6331 , 95 , 3721
6331 , 256 , 10089
6350 , 129 , 4161
6375 , 85 , 2058
6375 , 85 , 2059
6094 , 193 , 574
6112 , 13 , 169
6112 , 162 , 2408
6113 , 88 , 1267
6326 , 561 , 17515
6332 , 189 , 7401
6346 , 29 , 1055
6346 , 29 , 1062
6376 , 55 , 1453
6101 , 180 , 3120
6111 , 891 , 12976
6111 , 891 , 12981
6112 , 17 , 239
6112 , 17 , 240
6112 , 54 , 799
6112 , 54 , 805
6113 , 59 , 812
6145 , 255 , 2496
6317 , 15 , 630
6324 , 83 , 3041
6332 , 63 , 2641
6347 , 249 , 7493
6097 , 304 , 3668
6101 , 119 , 2204
6101 , 119 , 2209
6111 , 690 , 9668
6111 , 796 , 11383
6116 , 19 , 298
6141 , 38 , 336
6303 , 127 , 4302
6325 , 16 , 659
6326 , 192 , 6082
6331 , 94 , 3681
6331 , 113 , 4420
6336 , 510 , 21089
6336 , 892 , 37094
6347 , 10 , 306
6349 , 324 , 18443
6102 , 114 , 1888
6102 , 114 , 1889
6110 , 111 , 1409
6111 , 843 , 12173
6112 , 98 , 1477
6112 , 98 , 1484
6112 , 152 , 2260
6254 , 34 , 1249
6326 , 959 , 29884
6329 , 18 , 612
6331 , 9 , 392
6332 , 489 , 18990
6336 , 266 , 10979
6336 , 497 , 20578
6336 , 497 , 20588
6336 , 558 , 22820
6336 , 558 , 22823
6099 , 552 , 7015
6100 , 511 , 5236
6113 , 130 , 1908
6113 , 130 , 1910
6116 , 5 , 84
6145 , 48 , 455
6145 , 48 , 457
6326 , 316 , 9868
6326 , 842 , 26299
6332 , 91 , 3689
6336 , 680 , 27634
6336 , 979 , 40055
6039 , 113 , 1746
6099 , 420 , 6110
6101 , 23 , 442
6101 , 254 , 4353
6110 , 70 , 892
6110 , 70 , 893
6111 , 222 , 2609
6111 , 645 , 9009
6116 , 31 , 462
6145 , 118 , 1114
6145 , 118 , 1115
6245 , 28 , 1143
6245 , 28 , 1146
6251 , 12 , 508
6325 , 394 , 12178
6347 , 15 , 462
6347 , 15 , 464
6347 , 15 , 467
6102 , 70 , 1163
6141 , 87 , 786
6146 , 36 , 349
6303 , 2 , 40
6303 , 2 , 41
6311 , 203 , 6331
6331 , 272 , 10694
6332 , 610 , 23652
6010 , 33 , 139
6100 , 266 , 2385
6100 , 795 , 9735
6111 , 228 , 2747
6111 , 228 , 2749
6111 , 473 , 6179
6111 , 473 , 6182
6111 , 530 , 7072
6116 , 270 , 8482
6141 , 57 , 505
6323 , 643 , 20213
6345 , 117 , 3975
6347 , 216 , 6508
6097 , 88 , 966
6099 , 181 , 1776
6100 , 581 , 6248
6101 , 59 , 1117
6110 , 107 , 1365
6110 , 107 , 1366
6110 , 107 , 1369
6116 , 235 , 6903
6284 , 22 , 859
6311 , 84 , 2664
6336 , 30 , 1225
6336 , 922 , 38072
6345 , 350 , 11311
6347 , 247 , 7430
6038 , 66 , 1078
6100 , 746 , 8753
6140 , 19 , 128
6146 , 61 , 613
6245 , 73 , 3025
6332 , 14 , 800
6336 , 150 , 6117
6336 , 696 , 28317
6336 , 874 , 36368
6345 , 174 , 6263
6097 , 653 , 8023
6100 , 728 , 8440
6100 , 728 , 8445
6101 , 154 , 2749
6102 , 141 , 2334
6116 , 294 , 9541
6308 , 332 , 10706
6311 , 228 , 7143
6326 , 61 , 2056
6326 , 367 , 11447
6332 , 409 , 15854
6345 , 217 , 7574
6347 , 276 , 8246
6063 , 173 , 1878
6099 , 502 , 6630
6100 , 650 , 7120
6101 , 255 , 4370
6113 , 17 , 243
6116 , 286 , 9184
6141 , 103 , 927
6325 , 392 , 12113
6326 , 390 , 12163
6326 , 689 , 21784
6345 , 53 , 1534
6349 , 60 , 7398
6350 , 20 , 759
6375 , 86 , 2083
6079 , 114 , 1189
6101 , 279 , 4810
6111 , 448 , 5739
6111 , 448 , 5741
6111 , 993 , 14532
6113 , 34 , 473
6116 , 405 , 14539
6141 , 56 , 497
6252 , 23 , 893
6308 , 491 , 15795
6310 , 2 , 38
6317 , 7 , 402
6323 , 23 , 761
6323 , 357 , 11166
6326 , 859 , 26837
6336 , 223 , 9173
6336 , 342 , 14162
6345 , 108 , 3470
6347 , 399 , 11680
6099 , 985 , 10037
6101 , 58 , 1094
6101 , 58 , 1095
6111 , 229 , 2767
6111 , 229 , 2771
6111 , 229 , 2774
6116 , 572 , 21103
6142 , 12 , 120
6308 , 478 , 15407
6310 , 41 , 1241
6311 , 40 , 1340
6326 , 768 , 24199
6331 , 37 , 1466
6336 , 611 , 24963
6345 , 99 , 3012
6345 , 99 , 3015
6345 , 99 , 3025
6345 , 144 , 5297
6375 , 43 , 995
6017 , 214 , 989
6102 , 29 , 469
6110 , 206 , 2642
6116 , 264 , 8218
6140 , 11 , 66
6143 , 12 , 113
6255 , 16 , 693
6308 , 24 , 867
6330 , 30 , 1146
6332 , 422 , 16338
6345 , 225 , 7788
6375 , 164 , 4016
6375 , 164 , 4017
6080 , 14 , 52
6098 , 141 , 1574
6112 , 73 , 1101
6112 , 73 , 1103
6116 , 292 , 9443
6116 , 444 , 15805
6116 , 444 , 15809
6143 , 4 , 38
6143 , 4 , 41
6250 , 199 , 8126
6303 , 51 , 1786
6323 , 583 , 18363
6326 , 109 , 3629
6332 , 106 , 4296
6336 , 6 , 233
6336 , 97 , 3938
6336 , 256 , 10523
6347 , 370 , 10844
6097 , 58 , 644
6100 , 714 , 8187
6101 , 239 , 4104
6102 , 103 , 1702
6102 , 103 , 1703
6111 , 247 , 3076
6111 , 318 , 4020
6111 , 350 , 4440
6111 , 616 , 8562
6116 , 465 , 16194
6116 , 465 , 16195
6116 , 465 , 16198
6250 , 170 , 6968
6254 , 25 , 893
6308 , 19 , 723
6311 , 47 , 1555
6323 , 465 , 14644
6326 , 63 , 2120
6326 , 260 , 8137
6329 , 39 , 1273
6007 , 67 , 251
6049 , 2 , 67
6101 , 78 , 1488
6101 , 306 , 5253
6105 , 300 , 4203
6105 , 300 , 4204
6105 , 300 , 4205
6105 , 300 , 4207
6112 , 59 , 889
6112 , 289 , 4101
6141 , 92 , 837
6248 , 37 , 1419
6311 , 266 , 8348
6323 , 385 , 12040
6323 , 567 , 17837
6323 , 575 , 18105
6323 , 575 , 18107
6325 , 214 , 6816
6336 , 571 , 23342
6336 , 571 , 23355
6097 , 29 , 299
6101 , 332 , 5698
6111 , 670 , 9391
6113 , 33 , 457
6145 , 28 , 273
6250 , 267 , 10724
6308 , 226 , 7302
6324 , 164 , 5577
6330 , 27 , 1025
6331 , 159 , 6223
6336 , 416 , 17160
6347 , 519 , 17785
6029 , 353 , 5660
6101 , 246 , 4213
6105 , 336 , 4661
6105 , 336 , 4662
6146 , 69 , 686
6146 , 69 , 691
6326 , 326 , 10188
6326 , 326 , 10191
6332 , 622 , 24093
6359 , 15 , 311
6375 , 29 , 660
6099 , 585 , 7230
6145 , 136 , 1288
6145 , 136 , 1296
6313 , 43 , 1469
6323 , 366 , 11456
6326 , 596 , 18743
6326 , 596 , 18745
6326 , 855 , 26702
6332 , 56 , 2361
6336 , 557 , 22774
6336 , 557 , 22781
6349 , 280 , 16268
6099 , 372 , 5804
6101 , 253 , 4330
6101 , 253 , 4332
6101 , 253 , 4335
6111 , 491 , 6476
6111 , 491 , 6478
6116 , 207 , 5618
6116 , 207 , 5619
6246 , 7 , 467
6324 , 21 , 1026
6324 , 144 , 4949
6326 , 241 , 7565
6326 , 427 , 13286
6326 , 791 , 24814
6336 , 468 , 19365
6336 , 468 , 19367
6096 , 93 , 904
6102 , 153 , 2546
6102 , 153 , 2549
6142 , 44 , 376
6145 , 130 , 1225
6145 , 130 , 1233
6245 , 25 , 1016
6250 , 231 , 9285
6251 , 79 , 2829
6323 , 441 , 13889
6336 , 238 , 9779
6336 , 579 , 23646
6336 , 723 , 29452
6099 , 629 , 7508
6100 , 802 , 9869
6100 , 802 , 9872
6100 , 802 , 9876
6100 , 828 , 10356
6102 , 174 , 2898
6105 , 291 , 4089
6111 , 859 , 12448
6111 , 859 , 12452
6111 , 964 , 14133
6112 , 236 , 3415
6140 , 75 , 699
6323 , 419 , 13183
6325 , 131 , 4199
6332 , 237 , 9143
6332 , 237 , 9152
6332 , 657 , 25559
6332 , 657 , 25560
6336 , 57 , 2317
6349 , 123 , 11671
6099 , 960 , 9865
6111 , 811 , 11656
6112 , 249 , 3613
6141 , 115 , 1040
6141 , 115 , 1042
6307 , 134 , 4155
6311 , 157 , 4887
6326 , 346 , 10821
6326 , 559 , 17444
6326 , 713 , 22563
6331 , 199 , 7839
6331 , 199 , 7840
6375 , 166 , 4068
6100 , 798 , 9793
6103 , 168 , 1976
6103 , 168 , 1977
6105 , 281 , 3955
6111 , 3 , 39
6111 , 347 , 4392
6116 , 322 , 10783
6116 , 322 , 10784
6116 , 403 , 14438
6324 , 87 , 3194
6326 , 436 , 13566
6332 , 220 , 8523
6336 , 242 , 9924
6336 , 242 , 9933
6345 , 349 , 11280
6064 , 138 , 1484
6100 , 562 , 5977
6101 , 171 , 2977
6101 , 171 , 2981
6101 , 351 , 6006
6101 , 351 , 6011
6110 , 145 , 1844
6111 , 132 , 1514
6111 , 192 , 2179
6111 , 906 , 13202
6140 , 14 , 81
6140 , 14 , 82
6145 , 155 , 1520
6248 , 41 , 1575
6332 , 495 , 19224
6332 , 515 , 20004
6336 , 84 , 3445
6064 , 693 , 7202
6096 , 92 , 887
6099 , 124 , 1190
6100 , 696 , 7797
6100 , 696 , 7831
6100 , 696 , 7851
6103 , 12 , 210
6103 , 12 , 214
6103 , 157 , 1725
6110 , 93 , 1169
6110 , 93 , 1172
6111 , 508 , 6745
6111 , 508 , 6750
6250 , 90 , 3719
6323 , 129 , 4015
6323 , 350 , 10951
6326 , 37 , 1271
6326 , 790 , 24784
6332 , 191 , 7474
6349 , 52 , 5915
6063 , 100 , 1090
6099 , 281 , 4197
6100 , 92 , 572
6100 , 832 , 10461
6100 , 832 , 10462
6101 , 81 , 1553
6102 , 17 , 279
6102 , 17 , 282
6102 , 17 , 286
6102 , 17 , 288
6111 , 768 , 10949
6111 , 768 , 10956
6111 , 838 , 12089
6111 , 857 , 12407
6111 , 857 , 12410
6308 , 465 , 15039
6323 , 491 , 15473
6325 , 207 , 6600
6332 , 183 , 7166
6336 , 314 , 12987
6336 , 314 , 12991
6336 , 626 , 25555
6336 , 626 , 25561
6336 , 629 , 25677
6345 , 357 , 11537
6011 , 287 , 1045
6068 , 10 , 91
6075 , 168 , 1809
6097 , 562 , 6903
6097 , 562 , 6904
6097 , 734 , 8947
6102 , 197 , 3267
6102 , 197 , 3269
6102 , 197 , 3270
6102 , 197 , 3273
6111 , 779 , 11108
6111 , 961 , 14080
6111 , 961 , 14081
6111 , 961 , 14087
6112 , 316 , 4436
6113 , 11 , 142
6250 , 63 , 2610
6311 , 31 , 1087
6311 , 31 , 1088
6323 , 14 , 471
6331 , 250 , 9825
6345 , 115 , 3854
6345 , 115 , 3856
6345 , 139 , 5038
6375 , 69 , 1665
6064 , 325 , 3442
6100 , 742 , 8698
6101 , 139 , 2524
6103 , 177 , 2148
6105 , 391 , 5343
6105 , 391 , 5344
6111 , 59 , 678
6111 , 848 , 12257
6111 , 848 , 12263
6145 , 212 , 2106
6145 , 212 , 2108
6323 , 292 , 9041
6326 , 127 , 4153
6332 , 637 , 24711
6028 , 45 , 673
6099 , 385 , 5890
6101 , 273 , 4706
6102 , 149 , 2474
6102 , 149 , 2475
6102 , 205 , 3395
6141 , 9 , 82
6332 , 89 , 3618
6345 , 261 , 8943
6375 , 46 , 1074
6068 , 360 , 3657
6097 , 737 , 8979
6097 , 737 , 8980
6098 , 107 , 1168
6102 , 133 , 2173
6102 , 133 , 2180
6103 , 5 , 89
6116 , 497 , 17858
6324 , 147 , 5039
6325 , 423 , 13031
6331 , 121 , 4736
6332 , 71 , 2934
6332 , 71 , 2938
6336 , 524 , 21557
6336 , 553 , 22621
6097 , 670 , 8197
6099 , 147 , 1411
6099 , 867 , 9185
6099 , 943 , 9741
6111 , 985 , 14418
6142 , 65 , 561
6142 , 65 , 562
6308 , 144 , 4625
6331 , 254 , 9994
6331 , 254 , 9996
6332 , 431 , 16750
6332 , 431 , 16757
6336 , 91 , 3709
6336 , 99 , 4024
6029 , 165 , 2782
6098 , 162 , 1827
6111 , 159 , 1812
6111 , 764 , 10883
6111 , 833 , 12012
6112 , 96 , 1450
6112 , 96 , 1453
6112 , 96 , 1455
6145 , 238 , 2348
6256 , 8 , 536
6303 , 27 , 940
6308 , 31 , 1126
6311 , 82 , 2606
6323 , 512 , 16098
6332 , 581 , 22529
6345 , 338 , 10918
6100 , 755 , 8931
6100 , 755 , 8933
6100 , 755 , 8935
6101 , 190 , 3303
6101 , 190 , 3304
6101 , 199 , 3455
6102 , 140 , 2316
6102 , 140 , 2317
6105 , 299 , 4192
6111 , 597 , 8218
6111 , 717 , 10134
6116 , 27 , 400
6116 , 181 , 4450
6140 , 16 , 100
6140 , 16 , 103
6250 , 100 , 4139
6250 , 100 , 4145
6323 , 234 , 7295
6323 , 709 , 22231
6325 , 7 , 335
6326 , 72 , 2397
6326 , 94 , 3139
6326 , 94 , 3142
6326 , 526 , 16332
6329 , 46 , 1463
6336 , 201 , 8264
6336 , 201 , 8266
6336 , 201 , 8270
6336 , 355 , 14693
6336 , 514 , 21255
6336 , 514 , 21257
6096 , 101 , 995
6100 , 697 , 7884
6102 , 68 , 1119
6102 , 136 , 2224
6102 , 231 , 3792
6111 , 778 , 11100
6112 , 330 , 4646
6250 , 144 , 5943
6326 , 149 , 4800
6326 , 149 , 4804
6326 , 837 , 26144
6331 , 73 , 2887
6336 , 25 , 1023
6336 , 28 , 1118
6336 , 171 , 6971
6336 , 171 , 6977
6097 , 379 , 4596
6097 , 379 , 4597
6100 , 609 , 6626
6102 , 269 , 4378
6103 , 154 , 1648
6105 , 280 , 3942
6110 , 69 , 876
6116 , 4 , 67
6145 , 39 , 372
6250 , 26 , 1082
6250 , 213 , 8644
6254 , 98 , 3751
6312 , 16 , 548
6312 , 16 , 552
6312 , 44 , 1457
6323 , 435 , 13707
6332 , 66 , 2752
6336 , 174 , 7104
6375 , 49 , 1152
6375 , 49 , 1153
6376 , 32 , 865
6099 , 97 , 972
6111 , 424 , 5313
6116 , 571 , 21058
6116 , 571 , 21062
6326 , 253 , 7919
6332 , 205 , 7964
6332 , 255 , 9846
6332 , 539 , 20936
6332 , 539 , 20937
6336 , 549 , 22450
6336 , 620 , 25324
6349 , 71 , 9404
6068 , 333 , 3395
6112 , 331 , 4666
6140 , 50 , 460
6307 , 69 , 2152
6323 , 21 , 697
6323 , 47 , 1498
6323 , 590 , 18559
6332 , 456 , 17690
6332 , 585 , 22707
6347 , 317 , 9413
6064 , 513 , 5300
6105 , 308 , 4306
6105 , 308 , 4308
6111 , 231 , 2822
6112 , 273 , 3951
6250 , 134 , 5519
6252 , 84 , 3132
6311 , 136 , 4251
6317 , 19 , 764
6317 , 19 , 765
6326 , 933 , 29098
6332 , 562 , 21808
6336 , 76 , 3096
6336 , 234 , 9625
6336 , 234 , 9627
6375 , 124 , 3006
6003 , 152 , 670
6068 , 125 , 1300
6100 , 322 , 3014
6100 , 322 , 3015
6101 , 57 , 1069
6101 , 311 , 5330
6101 , 311 , 5331
6101 , 311 , 5333
6101 , 311 , 5335
6102 , 124 , 2035
6112 , 264 , 3813
6112 , 264 , 3819
6116 , 437 , 15683
6145 , 86 , 818
6311 , 192 , 5988
6313 , 35 , 1221
6324 , 46 , 1835
6331 , 216 , 8526
6375 , 37 , 857
6064 , 295 , 3143
6097 , 4 , 31
6097 , 476 , 5765
6099 , 864 , 9169
6100 , 197 , 1638
6100 , 295 , 2695
6100 , 719 , 8281
6100 , 719 , 8282
6101 , 138 , 2507
6101 , 138 , 2510
6250 , 165 , 6770
6250 , 165 , 6774
6257 , 33 , 1256
6308 , 95 , 3142
6326 , 234 , 7350
6331 , 195 , 7656
6332 , 8 , 548
6336 , 688 , 27993
6345 , 177 , 6364
6345 , 177 , 6365
6378 , 70 , 1385
6082 , 180 , 586
6099 , 979 , 9999
6111 , 477 , 6246
6111 , 918 , 13393
6111 , 935 , 13645
6111 , 935 , 13649
6111 , 935 , 13653
6284 , 71 , 2621
6311 , 124 , 3861
6323 , 53 , 1672
6323 , 53 , 1676
6323 , 269 , 8356
6325 , 150 , 4767
6331 , 103 , 4018
6375 , 150 , 3685
6099 , 741 , 8296
6101 , 86 , 1646
6111 , 27 , 334
6111 , 27 , 337
6323 , 628 , 19748
6324 , 110 , 3865
6324 , 110 , 3866
6325 , 73 , 2393
6332 , 400 , 15464
6039 , 263 , 3982
6097 , 427 , 5146
6099 , 776 , 8515
6105 , 210 , 2946
6111 , 733 , 10384
6113 , 123 , 1793
6113 , 123 , 1794
6116 , 472 , 16487
6245 , 145 , 5829
6332 , 415 , 16079
6347 , 220 , 6612
6347 , 380 , 11140
6375 , 62 , 1479
6029 , 123 , 2122
6039 , 68 , 1081
6096 , 96 , 937
6100 , 298 , 2734
6100 , 789 , 9610
6100 , 789 , 9614
6100 , 789 , 9617
6100 , 800 , 9830
6116 , 6 , 91
6145 , 67 , 656
6247 , 10 , 347
6247 , 10 , 350
6250 , 138 , 5681
6250 , 138 , 5684
6332 , 543 , 21094
6336 , 427 , 17641
6098 , 230 , 2645
6100 , 506 , 5167
6100 , 506 , 5168
6100 , 834 , 10508
6100 , 834 , 10510
6101 , 292 , 5010
6102 , 76 , 1254
6102 , 152 , 2527
6102 , 152 , 2528
6111 , 823 , 11835
6111 , 823 , 11836
6142 , 38 , 330
6303 , 128 , 4338
6323 , 32 , 1034
6332 , 103 , 4158
6332 , 187 , 7324
6332 , 187 , 7327
6336 , 149 , 6077
6336 , 614 , 25089
6336 , 708 , 28855
6336 , 708 , 28859
6336 , 930 , 38336
6345 , 228 , 7896
6345 , 334 , 10802
6347 , 45 , 1428
6347 , 45 , 1432
6349 , 467 , 25306
6375 , 125 , 3036
6376 , 57 , 1503
6097 , 582 , 7147
6100 , 520 , 5361
6102 , 281 , 4602
6103 , 159 , 1754
6103 , 159 , 1761
6103 , 159 , 1768
6103 , 159 , 1769
6111 , 443 , 5635
6111 , 443 , 5636
6111 , 443 , 5637
6111 , 583 , 7975
6141 , 107 , 961
6145 , 10 , 95
6245 , 97 , 3941
6331 , 233 , 9166
6079 , 197 , 2249
6079 , 229 , 2649
6097 , 313 , 3767
6099 , 159 , 1568
6111 , 600 , 8291
6111 , 756 , 10735
6116 , 533 , 19356
6116 , 533 , 19358
6248 , 22 , 821
6254 , 38 , 1411
6254 , 38 , 1414
6254 , 38 , 1417
6308 , 421 , 13653
6313 , 61 , 2060
6323 , 15 , 503
6323 , 15 , 506
6323 , 692 , 21699
6326 , 877 , 27369
6332 , 132 , 5250
6332 , 132 , 5253
6332 , 592 , 22952
6336 , 714 , 29097
6065 , 65 , 681
6094 , 218 , 697
6099 , 911 , 9500
6099 , 911 , 9502
6100 , 711 , 8138
6100 , 711 , 8143
6105 , 28 , 442
6245 , 19 , 728
6245 , 19 , 731
6323 , 301 , 9358
6336 , 115 , 4682
6073 , 150 , 1586
6100 , 560 , 5946
6101 , 18 , 341
6101 , 227 , 3920
6101 , 227 , 3921
6102 , 7 , 118
6102 , 7 , 119
6113 , 81 , 1156
6140 , 29 , 252
6146 , 77 , 754
6146 , 77 , 760
6254 , 93 , 3557
6254 , 93 , 3558
6331 , 186 , 7296
6336 , 376 , 15519
6100 , 614 , 6689
6100 , 787 , 9566
6101 , 360 , 6152
6111 , 814 , 11690
6111 , 814 , 11693
6116 , 509 , 18344
6141 , 98 , 883
6146 , 92 , 913
6250 , 279 , 11196
6250 , 279 , 11202
6250 , 279 , 11205
6323 , 424 , 13358
6336 , 676 , 27481
6079 , 228 , 2636
6105 , 383 , 5251
6111 , 887 , 12908
6111 , 914 , 13327
6311 , 81 , 2569
6312 , 86 , 2835
6326 , 996 , 31029
6331 , 82 , 3243
6332 , 105 , 4246
6332 , 105 , 4260
6336 , 56 , 2267
6336 , 56 , 2274
6336 , 56 , 2278
6375 , 118 , 2864
6028 , 246 , 4189
6102 , 56 , 942
6116 , 21 , 320
6245 , 27 , 1100
6245 , 31 , 1267
6323 , 193 , 6031
6331 , 213 , 8412
6332 , 34 , 1577
6332 , 141 , 5589
6332 , 141 , 5595
6345 , 315 , 10240
6345 , 315 , 10241
6349 , 325 , 18490
6028 , 261 , 4422
6080 , 44 , 193
6100 , 495 , 5022
6111 , 668 , 9358
6111 , 763 , 10874
6111 , 846 , 12223
6111 , 846 , 12228
6140 , 72 , 667
6141 , 47 , 423
6252 , 10 , 460
6254 , 7 , 212
6308 , 171 , 5522
6323 , 645 , 20272
6326 , 334 , 10416
6326 , 334 , 10417
6336 , 574 , 23464
6336 , 574 , 23466
6097 , 240 , 2821
6099 , 755 , 8399
6101 , 285 , 4899
6101 , 285 , 4901
6101 , 285 , 4904
6101 , 354 , 6062
6102 , 111 , 1827
6102 , 111 , 1834
6102 , 111 , 1835
6257 , 10 , 377
6257 , 15 , 571
6308 , 441 , 14319
6323 , 527 , 16543
6336 , 565 , 23114
6336 , 565 , 23116
6336 , 599 , 24498
6080 , 68 , 309
6111 , 363 , 4612
6116 , 237 , 6992
6116 , 239 , 7079
6116 , 543 , 19809
6116 , 543 , 19810
6116 , 601 , 22369
6116 , 601 , 22370
6144 , 24 , 238
6146 , 78 , 767
6250 , 128 , 5293
6250 , 208 , 8445
6323 , 542 , 17011
6326 , 153 , 4915
6336 , 98 , 3983
6336 , 304 , 12566
6347 , 74 , 2288
6347 , 266 , 7953
6349 , 297 , 17125
6043 , 23 , 279
6097 , 456 , 5508
6140 , 18 , 117
6310 , 16 , 472
6329 , 64 , 2051
6331 , 88 , 3474
6349 , 115 , 11421
6029 , 100 , 1654
6097 , 530 , 6478
6113 , 9 , 98
6245 , 135 , 5432
6336 , 105 , 4246
6336 , 617 , 25224
6100 , 819 , 10194
6101 , 56 , 1050
6101 , 66 , 1255
6101 , 66 , 1257
6101 , 66 , 1258
6102 , 189 , 3139
6111 , 674 , 9433
6245 , 18 , 687
6332 , 564 , 21885
6336 , 21 , 830
6336 , 21 , 841
6349 , 363 , 20258
6375 , 44 , 1027
6375 , 44 , 1031
6376 , 46 , 1225
6007 , 123 , 486
6011 , 33 , 137
6071 , 100 , 978
6102 , 186 , 3086
6111 , 865 , 12542
6116 , 313 , 10393
6146 , 1 , 8
6308 , 126 , 4059
6324 , 10 , 656
6326 , 105 , 3508
6331 , 232 , 9129
6347 , 108 , 3281
6347 , 108 , 3287
6100 , 451 , 4462
6100 , 451 , 4467
6103 , 173 , 2070
6103 , 173 , 2071
6116 , 417 , 15082
6116 , 417 , 15085
6311 , 151 , 4699
6325 , 133 , 4263
6325 , 426 , 13116
6331 , 252 , 9911
6331 , 252 , 9913
6332 , 167 , 6575
6332 , 424 , 16417
6332 , 646 , 25105
6336 , 869 , 36086
6345 , 29 , 836
6097 , 207 , 2378
6097 , 207 , 2379
6100 , 488 , 4936
6101 , 16 , 306
6101 , 16 , 310
6101 , 16 , 311
6113 , 125 , 1843
6145 , 137 , 1308
6256 , 34 , 1567
6326 , 68 , 2277
6329 , 16 , 572
6345 , 220 , 7649
6065 , 89 , 931
6101 , 277 , 4769
6101 , 277 , 4772
6101 , 277 , 4777
6102 , 217 , 3591
6102 , 217 , 3593
6105 , 166 , 2305
6105 , 351 , 4874
6111 , 497 , 6577
6112 , 223 , 3227
6112 , 223 , 3231
6113 , 72 , 1025
6116 , 510 , 18379
6116 , 510 , 18382
6308 , 341 , 11010
6323 , 110 , 3445
6326 , 987 , 30757
6329 , 41 , 1322
6331 , 67 , 2657
6332 , 352 , 13554
6332 , 352 , 13558
6349 , 294 , 16992
6323 , 390 , 12214
6323 , 665 , 20872
6326 , 74 , 2472
6326 , 74 , 2476
6331 , 243 , 9559
6331 , 243 , 9560
6331 , 243 , 9561
6336 , 143 , 5840
6336 , 453 , 18737
6347 , 437 , 12737
6349 , 321 , 18278
6060 , 223 , 807
6071 , 104 , 1017
6113 , 84 , 1199
6113 , 84 , 1200
6113 , 84 , 1205
6323 , 434 , 13666
6326 , 698 , 22074
6331 , 57 , 2251
6332 , 75 , 3089
6336 , 692 , 28158
6347 , 49 , 1546
6097 , 548 , 6707
6101 , 186 , 3224
6102 , 48 , 816
6102 , 179 , 2964
6111 , 740 , 10480
6112 , 28 , 404
6112 , 154 , 2291
6143 , 11 , 103
6145 , 51 , 485
6284 , 73 , 2685
6311 , 32 , 1118
6323 , 146 , 4535
6331 , 181 , 7090
6349 , 121 , 11606
6375 , 117 , 2835
6375 , 117 , 2836
6097 , 196 , 2222
6097 , 199 , 2265
6102 , 45 , 774
6102 , 45 , 778
6102 , 45 , 779
6110 , 129 , 1655
6112 , 240 , 3476
6116 , 615 , 22963
6255 , 11 , 523
6303 , 118 , 4011
6324 , 32 , 1368
6326 , 393 , 12263
6326 , 393 , 12265
6332 , 494 , 19175
6332 , 494 , 19183
6336 , 359 , 14840
6336 , 359 , 14843
6336 , 981 , 40120
6336 , 981 , 40124
6041 , 263 , 3714
6058 , 86 , 310
6100 , 790 , 9629
6101 , 380 , 6465
6105 , 272 , 3835
6111 , 160 , 1825
6111 , 626 , 8729
6111 , 626 , 8730
6303 , 135 , 4578
6307 , 85 , 2657
6324 , 151 , 5171
6325 , 59 , 2002
6325 , 59 , 2004
6325 , 59 , 2005
6326 , 474 , 14704
6330 , 6 , 210
6336 , 932 , 38407
6375 , 24 , 528
6375 , 24 , 531
6099 , 537 , 6913
6099 , 745 , 8329
6111 , 544 , 7321
6112 , 252 , 3657
6112 , 252 , 3660
6112 , 252 , 3661
6112 , 328 , 4604
6112 , 328 , 4609
6112 , 328 , 4610
6140 , 84 , 784
6145 , 104 , 985
6249 , 3 , 89
6249 , 3 , 98
6250 , 15 , 606
6250 , 234 , 9408
6303 , 33 , 1173
6323 , 57 , 1792
6323 , 57 , 1793
6323 , 277 , 8583
6325 , 228 , 7239
6326 , 563 , 17592
6332 , 603 , 23377
6002 , 321 , 1270
6099 , 164 , 1609
6100 , 466 , 4668
6100 , 688 , 7692
6100 , 688 , 7697
6102 , 78 , 1291
6102 , 78 , 1293
6111 , 116 , 1323
6245 , 8 , 251
6245 , 8 , 253
6245 , 8 , 254
6245 , 8 , 255
6245 , 8 , 258
6250 , 88 , 3640
6250 , 105 , 4349
6323 , 144 , 4466
6326 , 527 , 16367
6332 , 4 , 399
6332 , 155 , 6139
6332 , 155 , 6141
6101 , 21 , 395
6101 , 21 , 396
6101 , 21 , 402
6101 , 21 , 412
6112 , 205 , 2982
6146 , 83 , 821
6245 , 141 , 5683
6311 , 133 , 4153
6326 , 644 , 20308
6336 , 269 , 11100
6038 , 16 , 256
6102 , 126 , 2065
6102 , 126 , 2068
6102 , 267 , 4347
6308 , 57 , 1986
6323 , 35 , 1132
6326 , 551 , 17167
6330 , 11 , 416
6330 , 12 , 473
6336 , 281 , 11584
6102 , 13 , 213
6105 , 294 , 4125
6111 , 767 , 10934
6111 , 834 , 12027
6111 , 950 , 13897
6111 , 950 , 13901
6116 , 255 , 7807
6116 , 581 , 21478
6143 , 2 , 16
6144 , 29 , 283
6250 , 97 , 4006
6336 , 291 , 12023
6336 , 291 , 12027
6336 , 291 , 12033
6336 , 506 , 20932
6347 , 379 , 11117
6375 , 88 , 2143
6378 , 241 , 4975
6028 , 167 , 2637
6045 , 25 , 126
6101 , 214 , 3697
6112 , 221 , 3192
6311 , 63 , 2062
6323 , 440 , 13856
6325 , 308 , 9501
6330 , 2 , 43
6332 , 322 , 12365
6332 , 505 , 19615
6336 , 107 , 4334
6111 , 560 , 7576
6111 , 621 , 8638
6112 , 12 , 149
6116 , 15 , 227
6248 , 31 , 1201
6325 , 328 , 10088
6326 , 44 , 1501
6331 , 258 , 10164
6332 , 359 , 13875
6332 , 645 , 25055
6332 , 645 , 25057
6346 , 65 , 2222
6006 , 67 , 307
6100 , 623 , 6802
6101 , 14 , 264
6105 , 367 , 5068
6141 , 72 , 647
6145 , 220 , 2177
6284 , 14 , 528
6323 , 235 , 7322
6323 , 235 , 7323
6326 , 212 , 6716
6331 , 70 , 2777
6336 , 79 , 3239
6336 , 79 , 3241
6349 , 89 , 10415
6349 , 427 , 22988
6079 , 195 , 2215
6097 , 765 , 9303
6105 , 224 , 3117
6144 , 27 , 264
6248 , 32 , 1234
6255 , 13 , 591
6256 , 23 , 1150
6257 , 20 , 776
6257 , 20 , 778
6257 , 20 , 780
6325 , 218 , 6930
6326 , 221 , 6992
6326 , 897 , 27951
6330 , 5 , 167
6336 , 92 , 3747
6336 , 92 , 3755
6336 , 135 , 5503
6336 , 135 , 5513
6336 , 299 , 12365
6336 , 299 , 12366
6336 , 560 , 22912
6101 , 219 , 3777
6101 , 219 , 3782
6101 , 302 , 5181
6105 , 347 , 4817
6111 , 969 , 14200
6112 , 243 , 3526
6141 , 64 , 568
6145 , 42 , 401
6245 , 68 , 2824
6250 , 14 , 562
6250 , 14 , 563
6311 , 212 , 6604
6311 , 212 , 6608
6323 , 87 , 2729
6326 , 65 , 2180
6329 , 54 , 1734
6332 , 58 , 2448
6332 , 60 , 2512
6332 , 320 , 12281
6336 , 332 , 13792
6345 , 40 , 1156
6345 , 118 , 4022
6345 , 130 , 4596
6011 , 152 , 527
6028 , 138 , 2189
6041 , 160 , 2387
6100 , 646 , 7083
6101 , 68 , 1303
6102 , 28 , 453
6116 , 329 , 11093
6140 , 76 , 717
6145 , 163 , 1615
6145 , 163 , 1620
6251 , 82 , 2940
6311 , 45 , 1495
6311 , 111 , 3460
6323 , 392 , 12274
6324 , 91 , 3321
6326 , 809 , 25324
6336 , 158 , 6453
6029 , 369 , 5882
6029 , 369 , 5883
6058 , 37 , 133
6097 , 343 , 4137
6097 , 481 , 5845
6100 , 691 , 7738
6102 , 293 , 4759
6102 , 293 , 4762
6111 , 648 , 9046
6111 , 648 , 9048
6111 , 949 , 13882
6112 , 160 , 2376
6145 , 182 , 1815
6326 , 666 , 21061
6345 , 213 , 7459
6345 , 213 , 7460
6110 , 200 , 2569
6111 , 450 , 5774
6140 , 15 , 90
6145 , 22 , 212
6145 , 73 , 700
6245 , 7 , 216
6245 , 7 , 220
6254 , 33 , 1207
6323 , 101 , 3182
6325 , 230 , 7301
6326 , 740 , 23346
6336 , 639 , 26033
6336 , 639 , 26034
6071 , 148 , 1535
6094 , 187 , 548
6096 , 113 , 1131
6097 , 434 , 5227
6099 , 184 , 1795
6110 , 190 , 2439
6110 , 190 , 2440
6111 , 521 , 6936
6252 , 80 , 2984
6252 , 80 , 2987
6331 , 120 , 4692
6332 , 145 , 5764
6332 , 152 , 6030
6332 , 202 , 7850
6350 , 168 , 5301
6350 , 168 , 5304
6375 , 87 , 2108
6096 , 103 , 1014
6096 , 103 , 1015
6101 , 93 , 1770
6140 , 38 , 352
6248 , 2 , 59
6308 , 158 , 5084
6323 , 444 , 13980
6332 , 184 , 7204
6332 , 521 , 20223
6336 , 283 , 11671
6097 , 279 , 3354
6097 , 279 , 3356
6097 , 447 , 5404
6100 , 732 , 8514
6100 , 732 , 8518
6102 , 53 , 900
6111 , 235 , 2898
6111 , 235 , 2904
6111 , 235 , 2906
6116 , 495 , 17775
6142 , 60 , 509
6245 , 105 , 4258
6331 , 39 , 1528
6068 , 5 , 40
6101 , 315 , 5405
6116 , 175 , 4138
6251 , 88 , 3174
6308 , 487 , 15668
6308 , 487 , 15670
6323 , 198 , 6181
6330 , 50 , 1914
6375 , 32 , 738
6376 , 52 , 1367
6376 , 52 , 1369
6100 , 720 , 8303
6100 , 745 , 8745
6100 , 765 , 9108
6102 , 138 , 2270
6111 , 444 , 5648
6111 , 611 , 8479
6111 , 611 , 8485
6146 , 68 , 678
6307 , 70 , 2183
6336 , 344 , 14233
6068 , 198 , 2001
6097 , 213 , 2454
6111 , 308 , 3886
6111 , 441 , 5607
6111 , 628 , 8754
6116 , 393 , 13961
6116 , 393 , 13962
6146 , 25 , 225
6250 , 39 , 1628
6308 , 496 , 15951
6311 , 181 , 5624
6332 , 149 , 5917
6332 , 615 , 23849
6101 , 88 , 1684
6101 , 276 , 4748
6102 , 96 , 1590
6110 , 35 , 476
6116 , 489 , 17475
6146 , 14 , 116
6146 , 88 , 872
6146 , 88 , 877
6250 , 22 , 910
6323 , 213 , 6659
6323 , 376 , 11755
6323 , 506 , 15917
6332 , 561 , 21764
6332 , 561 , 21770
6332 , 561 , 21771
6336 , 7 , 275
6336 , 240 , 9851
6346 , 30 , 1087
6349 , 295 , 17031
6349 , 414 , 22510
6349 , 414 , 22524
6064 , 329 , 3477
6096 , 94 , 911
6096 , 94 , 912
6099 , 852 , 9096
6099 , 852 , 9097
6100 , 682 , 7595
6102 , 107 , 1768
6110 , 31 , 423
6111 , 858 , 12428
6250 , 55 , 2254
6323 , 177 , 5526
6324 , 181 , 6130
6345 , 204 , 7201
6345 , 344 , 11090
6345 , 344 , 11097
6097 , 609 , 7486
6100 , 586 , 6318
6101 , 20 , 375
6101 , 49 , 913
6101 , 297 , 5094
6101 , 297 , 5098
6103 , 166 , 1935
6105 , 285 , 4006
6111 , 915 , 13341
6250 , 9 , 345
6250 , 129 , 5335
6254 , 86 , 3290
6255 , 2 , 179
6336 , 138 , 5633
6336 , 172 , 7020
6336 , 194 , 7948
6073 , 46 , 443
6081 , 398 , 1384
6099 , 102 , 1034
6099 , 102 , 1036
6100 , 550 , 5822
6100 , 812 , 10066
6100 , 812 , 10074
6102 , 194 , 3218
6102 , 194 , 3219
6145 , 161 , 1598
6245 , 22 , 891
6250 , 51 , 2101
6250 , 51 , 2103
6311 , 159 , 4955
6326 , 693 , 21912
6326 , 693 , 21913
6336 , 169 , 6889
6336 , 169 , 6891
6349 , 144 , 12490
6097 , 158 , 1756
6101 , 327 , 5611
6101 , 327 , 5613
6101 , 327 , 5615
6101 , 327 , 5616
6111 , 233 , 2864
6111 , 233 , 2865
6111 , 801 , 11458
6112 , 18 , 253
6112 , 18 , 258
6112 , 79 , 1194
6146 , 93 , 926
6250 , 87 , 3599
6308 , 51 , 1779
6325 , 64 , 2145
6326 , 1031 , 32091
6329 , 50 , 1585
6329 , 50 , 1587
6345 , 239 , 8251
6101 , 310 , 5321
6102 , 21 , 350
6102 , 21 , 351
6111 , 348 , 4408
6112 , 62 , 937
6116 , 534 , 19419
6116 , 534 , 19420
6142 , 21 , 198
6326 , 139 , 4501
6331 , 122 , 4786
6336 , 3 , 89
6350 , 15 , 596
5991 , 25 , 81
6003 , 366 , 1550
6041 , 90 , 1327
6097 , 520 , 6360
6100 , 786 , 9547
6101 , 184 , 3188
6111 , 226 , 2703
6111 , 267 , 3304
6111 , 649 , 9078
6111 , 976 , 14308
6116 , 317 , 10561
6251 , 8 , 362
6308 , 286 , 9238
6326 , 322 , 10070
6336 , 124 , 5061
6349 , 367 , 20432
6349 , 367 , 20433
6349 , 367 , 20434
6349 , 367 , 20435
6349 , 367 , 20437
6349 , 367 , 20460
6099 , 375 , 5831
6100 , 108 , 673
6100 , 108 , 674
6100 , 493 , 4999
6100 , 521 , 5379
6100 , 700 , 7951
6100 , 700 , 7955
6101 , 271 , 4679
6102 , 26 , 425
6102 , 26 , 428
6102 , 154 , 2564
6102 , 154 , 2567
6102 , 154 , 2568
6102 , 154 , 2573
6102 , 277 , 4545
6105 , 318 , 4446
6116 , 327 , 10998
6325 , 338 , 10385
6325 , 338 , 10389
6326 , 690 , 21812
6350 , 229 , 7202
6098 , 26 , 279
6099 , 625 , 7489
6112 , 70 , 1064
6112 , 93 , 1406
6112 , 93 , 1411
6145 , 239 , 2360
6145 , 239 , 2363
6323 , 200 , 6249
6324 , 126 , 4369
6324 , 148 , 5068
6326 , 1038 , 32292
6332 , 472 , 18333
6336 , 188 , 7686
6336 , 464 , 19199
6336 , 464 , 19200
6336 , 605 , 24734
6346 , 42 , 1489
6346 , 42 , 1490
6376 , 33 , 894
6098 , 108 , 1178
6111 , 794 , 11349
6111 , 968 , 14189
6116 , 224 , 6418
6141 , 118 , 1067
6141 , 118 , 1070
6250 , 254 , 10189
6257 , 4 , 134
6257 , 4 , 138
6336 , 316 , 13081
6336 , 316 , 13084
6336 , 316 , 13098
6347 , 37 , 1167
6029 , 161 , 2728
6073 , 159 , 1674
6097 , 223 , 2579
6097 , 549 , 6719
6097 , 586 , 7193
6097 , 691 , 8419
6111 , 550 , 7410
6111 , 696 , 9764
6146 , 44 , 436
6326 , 101 , 3370
6326 , 101 , 3372
6326 , 974 , 30326
6331 , 253 , 9959
6336 , 58 , 2358
6336 , 58 , 2361
6097 , 399 , 4816
6111 , 449 , 5753
6111 , 449 , 5757
6111 , 867 , 12575
6111 , 867 , 12579
6141 , 2 , 12
6250 , 132 , 5444
6256 , 27 , 1308
6308 , 468 , 15118
6325 , 404 , 12467
6100 , 698 , 7921
6100 , 777 , 9368
6101 , 136 , 2475
6101 , 136 , 2476
6101 , 136 , 2477
6101 , 136 , 2481
6101 , 213 , 3674
6101 , 213 , 3678
6101 , 213 , 3680
6105 , 345 , 4790
6111 , 431 , 5408
6111 , 431 , 5409
6113 , 62 , 855
6116 , 291 , 9396
6116 , 291 , 9397
6116 , 300 , 9810
6116 , 300 , 9812
6116 , 542 , 19769
6145 , 258 , 2543
6308 , 340 , 10981
6313 , 36 , 1248
6323 , 686 , 21530
6336 , 493 , 20423
6336 , 581 , 23751
6336 , 878 , 36598
6039 , 184 , 2774
6100 , 51 , 328
6101 , 55 , 1035
6101 , 296 , 5078
6101 , 296 , 5079
6116 , 244 , 7303
6146 , 39 , 378
6252 , 85 , 3164
6308 , 125 , 4033
6308 , 348 , 11254
6312 , 9 , 344
6325 , 61 , 2061
6332 , 160 , 6329
6332 , 258 , 9968
6332 , 428 , 16581
6336 , 241 , 9891
6336 , 877 , 36536
6349 , 440 , 23736
6097 , 460 , 5565
6100 , 355 , 3343
6100 , 554 , 5871
6101 , 215 , 3713
6102 , 219 , 3609
6111 , 223 , 2626
6111 , 223 , 2628
6146 , 29 , 267
6311 , 50 , 1643
6323 , 260 , 8092
6323 , 337 , 10541
6332 , 305 , 11727
6336 , 252 , 10340
6336 , 403 , 16591
6336 , 403 , 16596
6345 , 111 , 3613
6347 , 526 , 18712
6349 , 404 , 22112
6111 , 239 , 2983
6111 , 646 , 9025
6111 , 646 , 9032
6111 , 681 , 9541
6146 , 38 , 367
6250 , 130 , 5369
6255 , 19 , 802
6311 , 177 , 5503
6324 , 40 , 1631
6326 , 398 , 12423
6326 , 476 , 14786
6329 , 55 , 1769
6329 , 55 , 1772
6346 , 44 , 1559
6029 , 190 , 3142
6075 , 191 , 2091
6097 , 224 , 2590
6100 , 744 , 8729
6102 , 87 , 1459
6102 , 249 , 4050
6105 , 238 , 3335
6111 , 878 , 12781
6145 , 203 , 2006
6145 , 203 , 2016
6323 , 524 , 16452
6332 , 388 , 14985
6332 , 388 , 14987
6347 , 150 , 4579
6375 , 16 , 302
6100 , 529 , 5498
6103 , 6 , 105
6112 , 25 , 355
6112 , 56 , 837
6113 , 133 , 1947
6257 , 36 , 1389
6311 , 179 , 5559
6332 , 529 , 20546
6336 , 89 , 3640
6336 , 244 , 10028
6336 , 969 , 39743
6336 , 969 , 39749
6347 , 316 , 9374
6347 , 316 , 9376
6375 , 140 , 3422
6140 , 49 , 450
6141 , 41 , 372
6245 , 52 , 2186
6245 , 52 , 2187
6311 , 4 , 229
6325 , 121 , 3880
6326 , 237 , 7445
6326 , 587 , 18392
6329 , 78 , 2463
6332 , 343 , 13211
6336 , 276 , 11379
6336 , 276 , 11381
6336 , 433 , 17910
6022 , 82 , 1436
6097 , 337 , 4050
6111 , 927 , 13527
6111 , 927 , 13529
6111 , 927 , 13530
6116 , 454 , 15966
6116 , 454 , 15967
6116 , 454 , 15969
6142 , 30 , 265
6308 , 37 , 1316
6311 , 60 , 1962
6311 , 60 , 1963
6311 , 60 , 1969
6323 , 378 , 11817
6336 , 710 , 28938
6347 , 157 , 4774
6347 , 521 , 18001
6376 , 11 , 306
6376 , 11 , 310
6017 , 216 , 999
6097 , 330 , 3963
6097 , 330 , 3965
6097 , 330 , 3966
6098 , 130 , 1440
6102 , 85 , 1429
6102 , 85 , 1431
6102 , 85 , 1434
6102 , 224 , 3691
6110 , 79 , 1006
6111 , 815 , 11706
6111 , 934 , 13637
6116 , 33 , 490
6116 , 254 , 7759
6332 , 353 , 13589
6332 , 417 , 16162
6332 , 417 , 16163
6097 , 665 , 8153
6101 , 356 , 6089
6102 , 245 , 3986
6112 , 1 , 9
6112 , 153 , 2270
6144 , 1 , 8
6250 , 233 , 9368
6308 , 23 , 838
6311 , 225 , 7065
6323 , 651 , 20462
6323 , 661 , 20736
6323 , 661 , 20738
6336 , 598 , 24441
6376 , 35 , 946
6099 , 108 , 1082
6099 , 108 , 1083
6101 , 62 , 1173
6102 , 228 , 3751
6102 , 228 , 3756
6116 , 372 , 13030
6323 , 558 , 17522
6325 , 403 , 12431
6326 , 49 , 1671
6326 , 49 , 1674
6331 , 184 , 7199
6331 , 184 , 7214
6336 , 35 , 1437
6336 , 277 , 11403
6336 , 277 , 11406
6336 , 277 , 11407
6336 , 883 , 36774
6336 , 883 , 36777
6099 , 223 , 2129
6101 , 98 , 1866
6103 , 152 , 1606
6116 , 553 , 20220
6116 , 553 , 20225
6145 , 100 , 951
6308 , 202 , 6499
6326 , 779 , 24484
6326 , 1028 , 32005
6332 , 348 , 13382
6332 , 348 , 13393
6349 , 108 , 11144
6349 , 108 , 11154
6350 , 45 , 1604
6039 , 225 , 3385
6040 , 116 , 1657
6097 , 537 , 6568
6099 , 106 , 1059
6100 , 747 , 8775
6100 , 747 , 8778
6100 , 747 , 8781
6100 , 747 , 8782
6111 , 144 , 1653
6111 , 144 , 1654
6311 , 119 , 3713
6311 , 202 , 6302
6326 , 785 , 24656
6332 , 146 , 5807
6345 , 131 , 4652
6345 , 131 , 4658
6345 , 247 , 8481
6347 , 8 , 230
6349 , 94 , 10607
6064 , 106 , 1150
6099 , 983 , 10021
6099 , 983 , 10022
6101 , 355 , 6075
6140 , 73 , 682
6141 , 39 , 343
6141 , 39 , 345
6284 , 55 , 2037
6312 , 33 , 1089
6324 , 52 , 2034
6326 , 209 , 6626
6326 , 1029 , 32038
6332 , 104 , 4211
6336 , 309 , 12777
6336 , 310 , 12831
6336 , 431 , 17823
6336 , 726 , 29592
6347 , 284 , 8485
6347 , 284 , 8486
6037 , 176 , 3043
6097 , 444 , 5363
6099 , 132 , 1276
6101 , 27 , 532
6311 , 112 , 3491
6323 , 587 , 18480
6326 , 223 , 7065
6336 , 87 , 3568
6336 , 963 , 39517
6350 , 148 , 4700
6098 , 116 , 1269
6100 , 640 , 6996
6100 , 705 , 8041
6100 , 705 , 8043
6105 , 21 , 343
6110 , 33 , 452
6111 , 437 , 5519
6111 , 437 , 5526
6111 , 461 , 5969
6111 , 742 , 10509
6250 , 71 , 2934
6312 , 40 , 1337
6312 , 40 , 1338
6326 , 816 , 25536
6331 , 215 , 8494
6336 , 9 , 353
6336 , 580 , 23685
6097 , 322 , 3858
6099 , 599 , 7321
6101 , 248 , 4250
6111 , 703 , 9876
6111 , 703 , 9879
6116 , 536 , 19508
6116 , 536 , 19517
6142 , 33 , 287
6142 , 33 , 289
6142 , 33 , 293
6336 , 267 , 11024
6336 , 267 , 11025
6336 , 621 , 25377
6344 , 9 , 272
6347 , 96 , 2975
6347 , 96 , 2978
6347 , 303 , 9011
6097 , 437 , 5261
6100 , 816 , 10129
6102 , 137 , 2247
6102 , 137 , 2248
6102 , 137 , 2253
6111 , 463 , 6000
6111 , 804 , 11499
6111 , 804 , 11504
6323 , 3 , 72
6323 , 355 , 11105
6323 , 355 , 11108
6326 , 494 , 15343
6331 , 282 , 11078
6336 , 59 , 2400
6336 , 247 , 10134
6336 , 248 , 10185
6336 , 929 , 38301
6063 , 58 , 606
6096 , 98 , 956
6097 , 518 , 6336
6145 , 196 , 1938
6145 , 196 , 1939
6145 , 196 , 1940
6254 , 47 , 1758
6254 , 47 , 1761
6323 , 79 , 2489
6323 , 496 , 15624
6326 , 503 , 15612
6332 , 212 , 8211
6332 , 420 , 16260
6332 , 420 , 16261
6332 , 462 , 17923
6336 , 205 , 8422
6336 , 398 , 16389
6336 , 709 , 28892
6347 , 184 , 5592
6349 , 101 , 10893
6099 , 219 , 2107
6100 , 213 , 1812
6111 , 456 , 5874
6111 , 500 , 6625
6116 , 205 , 5536
6308 , 387 , 12586
6323 , 109 , 3424
6326 , 902 , 28114
6332 , 476 , 18467
6345 , 65 , 1902
6345 , 194 , 6901
6347 , 9 , 271
6375 , 54 , 1276
6375 , 54 , 1278
6099 , 276 , 4117
6105 , 264 , 3716
6105 , 264 , 3720
6112 , 38 , 564
6112 , 119 , 1775
6308 , 109 , 3538
6311 , 148 , 4613
6323 , 493 , 15535
6323 , 493 , 15538
6326 , 1045 , 32499
6331 , 30 , 1201
6347 , 31 , 964
6097 , 66 , 721
6097 , 510 , 6242
6099 , 236 , 2261
6099 , 431 , 6184
6099 , 997 , 10113
6100 , 475 , 4783
6100 , 475 , 4784
6100 , 753 , 8893
6101 , 323 , 5536
6101 , 323 , 5539
6101 , 323 , 5541
6111 , 578 , 7879
6141 , 108 , 974
6141 , 108 , 980
6257 , 8 , 292
6308 , 343 , 11086
6311 , 116 , 3611
6332 , 449 , 17412
6332 , 519 , 20143
6336 , 489 , 20234
6336 , 690 , 28077
6336 , 690 , 28078
6347 , 300 , 8916
6375 , 91 , 2197
6375 , 91 , 2201
6069 , 95 , 1036
6098 , 51 , 574
6111 , 654 , 9162
6116 , 400 , 14283
6146 , 21 , 186
6248 , 43 , 1656
6249 , 1 , 9
6254 , 22 , 783
6254 , 22 , 784
6331 , 81 , 3197
6336 , 96 , 3901
6095 , 23 , 249
6095 , 23 , 251
6097 , 486 , 5910
6097 , 486 , 5912
6100 , 526 , 5453
6101 , 8 , 142
6110 , 11 , 207
6112 , 217 , 3129
6116 , 274 , 8642
6116 , 298 , 9722
6246 , 3 , 312
6246 , 3 , 314
6332 , 165 , 6501
6332 , 510 , 19812
6336 , 49 , 1998
6336 , 691 , 28121
6100 , 507 , 5181
6100 , 507 , 5182
6100 , 507 , 5184
6100 , 704 , 8027
6100 , 704 , 8028
6100 , 717 , 8249
6111 , 278 , 3536
6111 , 317 , 4006
6307 , 149 , 4625
6308 , 418 , 13555
6326 , 43 , 1469
6330 , 18 , 690
6330 , 18 , 693
6331 , 100 , 3909
6332 , 557 , 21625
6100 , 539 , 5667
6101 , 25 , 487
6101 , 313 , 5370
6101 , 313 , 5372
6101 , 313 , 5375
6102 , 91 , 1514
6110 , 112 , 1422
6111 , 657 , 9205
6116 , 386 , 13651
6116 , 599 , 22273
6116 , 599 , 22278
6250 , 5 , 195
6250 , 5 , 196
6250 , 113 , 4695
6303 , 72 , 2501
6310 , 46 , 1410
6323 , 533 , 16707
6336 , 725 , 29539
6345 , 76 , 2209
6039 , 64 , 1016
6049 , 25 , 1664
6081 , 144 , 462
6097 , 469 , 5684
6101 , 284 , 4879
6110 , 113 , 1430
6245 , 76 , 3136
6245 , 76 , 3137
6252 , 70 , 2595
6252 , 70 , 2597
6336 , 507 , 20966
6347 , 434 , 12640
6030 , 21 , 469
6067 , 29 , 374
6097 , 225 , 2598
6097 , 772 , 9397
6100 , 827 , 10326
6100 , 827 , 10332
6100 , 827 , 10334
6100 , 827 , 10339
6100 , 827 , 10340
6245 , 6 , 181
6248 , 28 , 1082
6248 , 28 , 1083
6326 , 865 , 26986
6326 , 865 , 26987
6332 , 601 , 23309
6332 , 601 , 23312
6336 , 235 , 9668
6336 , 258 , 10610
6336 , 258 , 10611
6336 , 258 , 10617
6336 , 258 , 10618
6336 , 500 , 20699
6336 , 587 , 23986
6376 , 40 , 1075
6376 , 40 , 1079
6081 , 234 , 809
6097 , 145 , 1560
6097 , 201 , 2292
6099 , 163 , 1597
6101 , 94 , 1795
6105 , 277 , 3906
6111 , 312 , 3946
6111 , 598 , 8248
6145 , 178 , 1771
6145 , 178 , 1778
6317 , 3 , 270
6323 , 680 , 21367
6324 , 55 , 2137
6326 , 458 , 14217
6332 , 568 , 22027
6332 , 568 , 22028
6347 , 53 , 1666
6349 , 310 , 17755
6102 , 199 , 3294
6105 , 357 , 4950
6110 , 182 , 2302
6111 , 760 , 10815
6112 , 53 , 787
6145 , 150 , 1454
6145 , 150 , 1457
6248 , 10 , 365
6248 , 10 , 368
6248 , 10 , 372
6252 , 27 , 1042
6252 , 62 , 2293
6252 , 64 , 2360
6336 , 968 , 39701
6349 , 149 , 12662
6100 , 634 , 6937
6111 , 548 , 7390
6111 , 585 , 8009
6111 , 585 , 8014
6111 , 851 , 12314
6116 , 266 , 8304
6140 , 28 , 239
6250 , 250 , 10048
6254 , 67 , 2560
6323 , 340 , 10640
6003 , 262 , 1087
6101 , 291 , 4991
6112 , 107 , 1603
6145 , 222 , 2194
6250 , 27 , 1115
6308 , 101 , 3317
6308 , 473 , 15252
6308 , 473 , 15253
6336 , 168 , 6854
6345 , 32 , 938
6075 , 114 , 1273
6101 , 300 , 5149
6141 , 13 , 107
6325 , 303 , 9359
6330 , 32 , 1201
6332 , 289 , 11143
6347 , 178 , 5404
6101 , 100 , 1917
6103 , 175 , 2113
6112 , 78 , 1178
6112 , 263 , 3794
6116 , 545 , 19887
6145 , 129 , 1218
6245 , 67 , 2781
6245 , 67 , 2788
6254 , 28 , 1016
6331 , 56 , 2211
6336 , 54 , 2207
6100 , 452 , 4482
6102 , 207 , 3426
6103 , 160 , 1782
6110 , 205 , 2630
6116 , 349 , 11978
6116 , 349 , 11980
6140 , 85 , 792
6248 , 35 , 1348
6325 , 112 , 3605
6336 , 230 , 9472
6336 , 230 , 9479
6336 , 568 , 23227
6336 , 568 , 23232
6336 , 578 , 23609
6346 , 51 , 1781
6081 , 215 , 732
6101 , 361 , 6171
6112 , 182 , 2669
6116 , 257 , 7890
6250 , 147 , 6062
6250 , 252 , 10112
6308 , 163 , 5273
6326 , 1072 , 33295
6332 , 127 , 5082
6345 , 103 , 3218
6071 , 208 , 2123
6100 , 659 , 7235
6102 , 3 , 50
6105 , 307 , 4296
6111 , 412 , 5113
6116 , 552 , 20178
6140 , 41 , 385
6140 , 41 , 386
6312 , 3 , 164
6330 , 52 , 1988
6336 , 499 , 20657
6336 , 677 , 27514
6099 , 348 , 5574
6099 , 898 , 9407
6102 , 212 , 3516
6111 , 270 , 3354
6111 , 735 , 10410
6116 , 232 , 6760
6116 , 525 , 18987
6140 , 22 , 168
6250 , 162 , 6650
6250 , 162 , 6656
6308 , 381 , 12387
6325 , 307 , 9474
6326 , 913 , 28470
6332 , 22 , 1125
6332 , 45 , 1994
6332 , 466 , 18107
6336 , 16 , 622
6336 , 457 , 18901
6336 , 616 , 25169
6349 , 83 , 10198
6082 , 17 , 51
6105 , 337 , 4678
6111 , 900 , 13116
6116 , 538 , 19599
6250 , 59 , 2449
6250 , 59 , 2450
6250 , 59 , 2454
6312 , 56 , 1858
6331 , 25 , 1000
6332 , 87 , 3538
6332 , 444 , 17231
6336 , 42 , 1739
6375 , 78 , 1871
6376 , 27 , 731
